    fighter_kd_differential  fighter_str_differential  \
0                  0.769231                 42.000000   
1                  0.500000                  0.300000   
2                 -0.117647                 17.647059   
3                  0.000000                 -7.200000   
4                  0.333333                 -8.333333   
5                 -0.055556                 -0.055556   
6                  0.500000                 -6.500000   
7                  0.000000                 11.000000   
8                  0.200000                 -6.200000   
9                  0.000000                 -2.157895   
10                 0.090909                 22.454545   
11                -0.071429                 -2.428571   

    fighter_td_differential  fighter_sub_differential  fighter_totalfights  \
0                 -0.769231                  0.230769                   13   
1                  0.400000                  0.200000                   10   
2                  0.588235                 -0.088235                   34   
3                  0.000000                  0.200000                    5   
4                 -0.190476                  0.476190                   21   
5                  2.222222                  0.500000                   18   
6                 -1.250000                 -0.750000                    4   
7                 -1.100000                 -0.300000                   10   
8                  0.200000                 -1.000000                    5   
9                  0.105263                  0.526316                   19   
10                -0.090909                  0.272727                   11   
11                -0.285714                  0.285714                   14   

    fighter_totalwins  fighter_titlefights  fighter_titlewins  \
0                  11                    0                  0   
1                   7                    0                  0   
2                  25                    0                  0   
3                   2                    0                  0   
4                  11                    0                  0   
5                  12                    5                  4   
6                   1                    0                  0   
7                   5                    0                  0   
8                   1                    0                  0   
9                  11                    0                  0   
10                  6                    0                  0   
11                 10                    0                  0   

    fighter_age_deviation  fighter_elo  fighter_opp_avg_elo  \
0                    1100  1134.800925          1016.408597   
1                    3826  1075.669818          1034.939140   
2                    3984  1176.083981          1053.402033   
3                    1467  1016.323545           994.918878   
4                    4244  1081.073336          1071.296616   
5                    4335  1120.577110          1136.566822   
6                    3556   974.143383          1026.450239   
7                    1710  1009.575980          1014.364393   
8                     901   957.320321          1014.856021   
9                    3770  1040.868192          1024.629066   
10                   3335  1010.573211          1015.343813   
11                   2270  1069.345613           999.558389   

    opponent_kd_differential  opponent_str_differential  \
0                  -0.210526                  32.526316   
1                   0.100000                  21.500000   
2                   0.666667                  23.333333   
3                  -0.222222                   9.222222   
4                   0.521739                 -11.652174   
5                  -0.125000                   3.625000   
6                   0.125000                   1.375000   
7                   0.111111                   6.666667   
8                   0.000000                  15.600000   
9                   0.000000                  15.000000   
10                  0.500000                  42.500000   
11                  0.000000                  -5.200000   

    opponent_td_differential  opponent_sub_differential  opponent_totalfights  \
0                   0.473684                   0.736842                    19   
1                   1.100000                   0.100000                    10   
2                  -0.500000                   0.000000                     6   
3                   0.555556                   0.111111                     9   
4                  -0.478261                   0.913043                    23   
5                   0.166667                  -0.458333                    24   
6                   1.000000                   0.250000                     8   
7                  -1.333333                  -0.888889                     9   
8                  -0.400000                  -0.200000                     5   
9                   3.800000                   2.000000                     5   
10                  0.750000                  -0.500000                     4   
11                 -0.200000                   1.400000                     5   

    opponent_totalwins  opponent_titlefights  opponent_titlewins  \
0                   16                     4                   4   
1                    8                     5                   3   
2                    6                     0                   0   
3                    6                     0                   0   
4                   15                     0                   0   
5                   16                     0                   0   
6                    4                     0                   0   
7                    0                     0                   0   
8                    3                     2                   2   
9                    5                     0                   0   
10                   4                     0                   0   
11                   5                     0                   0   

    opponent_age_deviation  opponent_elo  opponent_opp_avg_elo  fighter_dob  \
0                     3207   1201.119168           1066.073951         1994   
1                     3019   1098.838817           1050.974160         1987   
2                      183   1089.038554            994.309487         1987   
3                     1720   1054.563591           1012.240337         1994   
4                     1945   1120.016517           1039.924386         1986   
5                     3781   1084.370550           1035.146864         1984   
6                     2171   1009.927511           1020.804182         1988   
7                     2808    917.755103           1048.888994         1991   
8                     1006   1009.619674            993.420273         1987   
9                     2351   1072.742309            983.274743         1987   
10                     477   1063.293402           1005.947338         1989   
11                    1650   1072.300369            982.191537         1991   

    opponent_dob   result predicted_result  probability_draw  \
0           1989  unknown             loss          0.000028   
1           1989  unknown             loss          0.000008   
2           1997  unknown              win          0.000008   
3           1993  unknown              win          0.000008   
4           1992  unknown             loss          0.000003   
5           1987  unknown             loss          0.000004   
6           1992  unknown             loss          0.000026   
7           1986  unknown              win          0.000010   
8           1991  unknown             loss          0.000002   
9           1991  unknown             loss          0.000005   
10          1997  unknown             loss          0.000006   
11          1993  unknown              win          0.000014   

    probability_loss  probability_nc  probability_win  
0           0.787029        0.000061         0.212882  
1           0.610783        0.000043         0.389165  
2           0.392301        0.000039         0.607652  
3           0.403322        0.000060         0.596611  
4           0.762891        0.000010         0.237096  
5           0.747802        0.000044         0.252149  
6           0.528217        0.000151         0.471605  
7           0.194311        0.000049         0.805629  
8           0.911332        0.000005         0.088661  
9           0.906476        0.000016         0.093503  
10          0.697859        0.000037         0.302098  
11          0.294613        0.000009         0.705364  
