    fighter_kd_differential  fighter_str_differential  \
0                 -0.263158                 30.631579   
1                  0.200000                 31.100000   
2                  0.500000                 34.666667   
3                 -0.111111                  8.888889   
4                  0.545455                -10.090909   
5                 -0.055556                 -2.888889   
6                  0.250000                  2.250000   
7                  0.142857                  4.428571   
8                  0.000000                  3.400000   
9                 -0.052632                 -1.631579   
10                 0.090909                 17.090909   
11                -0.181818                 -3.363636   

    fighter_td_differential  fighter_sub_differential  fighter_winrate  \
0                  0.526316                  0.631579         0.789474   
1                  1.600000                  0.000000         0.800000   
2                 -0.166667                  0.000000         1.000000   
3                  0.333333                  0.444444         0.777778   
4                 -0.500000                  0.818182         0.681818   
5                  1.944444                  0.500000         0.611111   
6                  1.125000                  0.250000         0.625000   
7                 -1.285714                 -0.428571         0.142857   
8                 -0.800000                 -0.200000         0.600000   
9                  0.105263                  0.473684         0.526316   
10                -0.272727                  0.181818         0.454545   
11                -0.454545                  0.272727         0.545455   

    fighter_winstreak  fighter_totalfights  fighter_totalwins  \
0                   0                   19                 15   
1                   3                   10                  8   
2                   6                    6                  6   
3                   5                    9                  7   
4                   1                   22                 15   
5                   0                   18                 11   
6                   1                    8                  5   
7                   1                    7                  1   
8                   1                    5                  3   
9                   0                   19                 10   
10                  0                   11                  5   
11                  0                   11                  6   

    fighter_titlefights  opponent_kd_differential  opponent_str_differential  \
0                     5                  0.666667                  32.750000   
1                     6                  0.400000                 -10.300000   
2                     0                 -0.193548                  13.354839   
3                     0                  0.000000                   2.200000   
4                     0                  0.350000                  -7.650000   
5                     5                 -0.130435                   4.608696   
6                     0                  0.500000                  -4.500000   
7                     0                  0.000000                   5.625000   
8                     1                  0.200000                   0.200000   
9                     0                  0.200000                   8.200000   
10                    0                  0.500000                  33.000000   
11                    0                  0.250000                   0.000000   

    opponent_td_differential  opponent_sub_differential  opponent_winrate  \
0                  -0.750000                   0.250000          0.833333   
1                  -0.300000                   0.400000          0.700000   
2                   0.483871                  -0.032258          0.677419   
3                   0.400000                   0.000000          0.400000   
4                  -0.150000                   0.400000          0.500000   
5                  -0.173913                  -0.347826          0.652174   
6                  -1.000000                  -0.500000          0.250000   
7                  -0.500000                  -0.500000          0.375000   
8                   0.000000                  -0.600000          0.200000   
9                   3.200000                   1.800000          1.000000   
10                  0.250000                  -0.500000          1.000000   
11                  0.250000                   1.250000          1.000000   

    opponent_winstreak  opponent_totalfights  opponent_totalwins  \
0                    2                    12                  10   
1                    0                    10                   7   
2                    0                    31                  21   
3                    0                     5                   2   
4                    0                    20                  10   
5                    1                    23                  15   
6                    0                     4                   1   
7                    0                     8                   3   
8                    0                     5                   1   
9                    5                     5                   5   
10                   4                     4                   4   
11                   4                     4                   4   

    opponent_titlefights  fighter_dob  opponent_dob   result predicted_result  \
0                      1         1989          1994  unknown             loss   
1                      1         1989          1987  unknown              win   
2                      0         1997          1987  unknown              win   
3                      0         1993          1994  unknown              win   
4                      0         1992          1986  unknown              win   
5                      0         1984          1987  unknown             loss   
6                      0         1992          1988  unknown              win   
7                      0         1986          1991  unknown             loss   
8                      0         1991          1987  unknown              win   
9                      0         1987          1991  unknown             loss   
10                     0         1989          1997  unknown              win   
11                     0         1991          1993  unknown             loss   

    probability_draw  probability_loss  probability_nc  probability_win  
0           0.000025          0.534669        0.001656         0.463651  
1           0.000024          0.317156        0.000027         0.682792  
2           0.000250          0.128140        0.000037         0.871572  
3           0.000066          0.459157        0.000040         0.540737  
4           0.000004          0.284801        0.001264         0.713930  
5           0.000009          0.759381        0.000092         0.240518  
6           0.000296          0.446384        0.000754         0.552566  
7           0.000032          0.634513        0.001560         0.363895  
8           0.000529          0.373082        0.000182         0.626207  
9           0.000047          0.866123        0.000040         0.133790  
10          0.000015          0.478492        0.000081         0.521412  
11          0.000151          0.558044        0.000078         0.441727  
