fighter_names
0           Leon Edwards*Colby Covington
1           Colby Covington*Leon Edwards
2       Alexandre Pantoja*Brandon Royval
3       Brandon Royval*Alexandre Pantoja
4     Shavkat Rakhmonov*Stephen Thompson
5     Stephen Thompson*Shavkat Rakhmonov
6           Paddy Pimblett*Tony Ferguson
7           Tony Ferguson*Paddy Pimblett
8             Josh Emmett*Bryce Mitchell
9             Bryce Mitchell*Josh Emmett
10        Alonzo Menifield*Dustin Jacoby
11        Dustin Jacoby*Alonzo Menifield
12         Cody Garbrandt*Brian Kelleher
13         Brian Kelleher*Cody Garbrandt
14           Tagir Ulanbekov*Cody Durden
15           Cody Durden*Tagir Ulanbekov
16              Andre Fili*Lucas Almeida
17              Lucas Almeida*Andre Fili
dtype: object
     Result  Red dob  Blue dob  Red totalfights  Blue totalfights  \
0   unknown     1991      1988               17                16   
1   unknown     1988      1991               16                17   
2   unknown     1990      1992               14                 8   
3   unknown     1992      1990                8                14   
4   unknown     1994      1983                6                20   
5   unknown     1983      1994               20                 6   
6   unknown     1995      1984                5                23   
7   unknown     1984      1995               23                 5   
8   unknown     1985      1994               14                 9   
9   unknown     1994      1985                9                14   
10  unknown     1987      1988               12                13   
11  unknown     1988      1987               13                12   
12  unknown     1991      1986               14                16   
13  unknown     1986      1991               16                14   
14  unknown     1991      1991                5                 9   
15  unknown     1991      1991                9                 5   
16  unknown     1990      1991               21                 3   
17  unknown     1991      1990                3                21   

        Red elo     Blue elo  Red losestreak  Blue losestreak  Red winstreak  \
0   1193.939878  1130.484583               0                1             12   
1   1130.484583  1193.939878               1                0              0   
2   1117.169592  1039.599838               0                1              5   
3   1039.599838  1117.169592               1                0              0   
4   1107.121038  1075.442976               0                1              6   
5   1075.442976  1107.121038               1                0              0   
6   1079.258481  1063.982273               0                7              5   
7   1063.982273  1079.258481               7                0              0   
8   1096.946404  1073.088158               0                1              1   
9   1073.088158  1096.946404               1                0              0   
10  1074.778132  1031.285662               0                1              4   
11  1031.285662  1074.778132               1                0              0   
12  1064.145099  1001.205986               0                3              2   
13  1001.205986  1064.145099               3                0              0   
14  1045.372695  1030.099799               0                1              2   
15  1030.099799  1045.372695               1                0              0   
16  1030.240194   986.551842               0                2              1   
17   986.551842  1030.240194               2                0              0   

    Blue winstreak  Red titlewins  Blue titlewins    Red oppelo   Blue oppelo  \
0                0              3               1  18245.112622  17400.417343   
1               12              1               3  17400.417343  18245.112622   
2                0              2               0  14432.233262   8336.200092   
3                5              0               2   8336.200092  14432.233262   
4                0              0               0   6523.221636  21294.142955   
5                6              0               0  21294.142955   6523.221636   
6                0              0               2   5137.751012  24299.773884   
7                5              2               0  24299.773884   5137.751012   
8                0              0               0  14791.559506   9332.986824   
9                1              0               0   9332.986824  14791.559506   
10               0              0               0  12194.364696  13213.828595   
11               4              0               0  13213.828595  12194.364696   
12               0              1               0  14747.492483  16409.680716   
13               2              0               1  16409.680716  14747.492483   
14               0              0               0   5028.287414   9028.095151   
15               2              0               0   9028.095151   5028.287414   
16               0              0               0  21387.127030   3074.178237   
17               1              0               0   3074.178237  21387.127030   

    Red wins  Blue wins  Red losses  Blue losses    Red KD   Blue KD  \
0         14         12           2            4  0.029928  0.001533   
1         12         14           4            2  0.001533  0.029928   
2         11          5           3            3  0.033651  0.118480   
3          5         11           3            3  0.118480  0.033651   
4          6         12           0            7  0.023736  0.027520   
5         12          6           7            0  0.027520  0.023736   
6          5         15           0            8  0.034420  0.003632   
7         15          5           8            0  0.003632  0.034420   
8         10          7           4            2  0.148909  0.008421   
9          7         10           2            4  0.008421  0.148909   
10         8          7           3            5  0.120638  0.167744   
11         7          8           5            3  0.167744  0.120638   
12         9          8           5            8  0.109892  0.012908   
13         8          9           8            5  0.012908  0.109892   
14         4          5           1            3  0.048270  0.077399   
15         5          4           3            1  0.077399  0.048270   
16        11          1           9            2  0.067092  0.013086   
17         1         11           2            9  0.013086  0.067092   

    Red KD differential  Blue KD differential  Red Sig. str.  Blue Sig. str.  \
0              0.029928              0.001533       3.054082        3.983287   
1              0.001533              0.029928       3.983287        3.054082   
2              0.033651              0.118480       4.533948        4.767162   
3              0.118480              0.033651       4.767162        4.533948   
4              0.023736              0.027520       4.091734        4.165966   
5              0.027520              0.023736       4.165966        4.091734   
6              0.034420              0.003632       5.042761        4.864896   
7              0.003632              0.034420       4.864896        5.042761   
8              0.148909              0.008421       3.424716        1.875771   
9              0.008421              0.148909       1.875771        3.424716   
10             0.120638              0.167744       4.001529        6.559357   
11             0.167744              0.120638       6.559357        4.001529   
12             0.109892              0.012908       3.539680        2.310957   
13             0.012908              0.109892       2.310957        3.539680   
14             0.048270              0.077399       2.816299        4.382044   
15             0.077399              0.048270       4.382044        2.816299   
16             0.067092              0.013086       4.700211        2.394171   
17             0.013086              0.067092       2.394171        4.700211   

    Red Sig. str. differential  Blue Sig. str. differential  Red Total str.  \
0                     3.054082                     3.983287        3.678967   
1                     3.983287                     3.054082        6.935074   
2                     4.533948                     4.767162        5.227714   
3                     4.767162                     4.533948        7.457454   
4                     4.091734                     4.165966        7.050951   
5                     4.165966                     4.091734        5.107433   
6                     5.042761                     4.864896        7.377799   
7                     4.864896                     5.042761        5.638134   
8                     3.424716                     1.875771        3.814731   
9                     1.875771                     3.424716        4.075951   
10                    4.001529                     6.559357        5.842824   
11                    6.559357                     4.001529        7.312347   
12                    3.539680                     2.310957        3.798879   
13                    2.310957                     3.539680        4.435142   
14                    2.816299                     4.382044        4.966483   
15                    4.382044                     2.816299        6.957471   
16                    4.700211                     2.394171        5.565500   
17                    2.394171                     4.700211        2.560507   

    Blue Total str.  Red Total str. differential  \
0          6.935074                     3.678967   
1          3.678967                     6.935074   
2          7.457454                     5.227714   
3          5.227714                     7.457454   
4          5.107433                     7.050951   
5          7.050951                     5.107433   
6          5.638134                     7.377799   
7          7.377799                     5.638134   
8          4.075951                     3.814731   
9          3.814731                     4.075951   
10         7.312347                     5.842824   
11         5.842824                     7.312347   
12         4.435142                     3.798879   
13         3.798879                     4.435142   
14         6.957471                     4.966483   
15         4.966483                     6.957471   
16         2.560507                     5.565500   
17         5.565500                     2.560507   

    Blue Total str. differential    Red Td   Blue Td  Red Td differential  \
0                       6.935074  0.076683  0.194714             0.076683   
1                       3.678967  0.194714  0.076683             0.194714   
2                       7.457454  0.275598  0.012181             0.275598   
3                       5.227714  0.012181  0.275598             0.012181   
4                       5.107433  0.104978  0.005955             0.104978   
5                       7.050951  0.005955  0.104978             0.005955   
6                       5.638134  0.070427  0.016744             0.070427   
7                       7.377799  0.016744  0.070427             0.016744   
8                       4.075951  0.023701  0.189744             0.023701   
9                       3.814731  0.189744  0.023701             0.189744   
10                      7.312347  0.093162  0.017094             0.093162   
11                      5.842824  0.017094  0.093162             0.017094   
12                      4.435142  0.038779  0.083211             0.038779   
13                      3.798879  0.083211  0.038779             0.083211   
14                      6.957471  0.277054  0.297226             0.277054   
15                      4.966483  0.297226  0.277054             0.297226   
16                      2.560507  0.084034  0.000000             0.084034   
17                      5.565500  0.000000  0.084034             0.000000   

    Blue Td differential  Red Sub. att  Blue Sub. att  \
0               0.194714      0.027844       0.007748   
1               0.076683      0.007748       0.027844   
2               0.012181      0.159547       0.108088   
3               0.275598      0.108088       0.159547   
4               0.005955      0.125015       0.000000   
5               0.104978      0.000000       0.125015   
6               0.016744      0.103331       0.054143   
7               0.070427      0.054143       0.103331   
8               0.189744      0.000263       0.048925   
9               0.023701      0.048925       0.000263   
10              0.017094      0.059417       0.000000   
11              0.093162      0.000000       0.059417   
12              0.083211      0.000000       0.128113   
13              0.038779      0.128113       0.000000   
14              0.297226      0.390350       0.015205   
15              0.277054      0.015205       0.390350   
16              0.000000      0.017155       0.000000   
17              0.084034      0.000000       0.017155   

    Red Sub. att differential  Blue Sub. att differential  Red Rev.  \
0                    0.027844                    0.007748  0.009579   
1                    0.007748                    0.027844  0.006016   
2                    0.159547                    0.108088  0.011891   
3                    0.108088                    0.159547  0.033859   
4                    0.125015                    0.000000  0.000000   
5                    0.000000                    0.125015  0.000093   
6                    0.103331                    0.054143  0.000000   
7                    0.054143                    0.103331  0.002297   
8                    0.000263                    0.048925  0.006568   
9                    0.048925                    0.000263  0.000936   
10                   0.059417                    0.000000  0.005026   
11                   0.000000                    0.059417  0.000000   
12                   0.000000                    0.128113  0.000000   
13                   0.128113                    0.000000  0.006858   
14                   0.390350                    0.015205  0.053119   
15                   0.015205                    0.390350  0.000000   
16                   0.017155                    0.000000  0.019712   
17                   0.000000                    0.017155  0.000000   

    Blue Rev.  Red Rev. differential  Blue Rev. differential  Red Ctrl  \
0    0.006016               0.009579                0.006016  0.160879   
1    0.009579               0.006016                0.009579  0.371596   
2    0.033859               0.011891                0.033859  0.385407   
3    0.011891               0.033859                0.011891  0.061903   
4    0.000093               0.000000                0.000093  0.583927   
5    0.000000               0.000093                0.000000  0.030425   
6    0.002297               0.000000                0.002297  0.334474   
7    0.000000               0.002297                0.000000  0.018581   
8    0.000936               0.006568                0.000936  0.071685   
9    0.006568               0.000936                0.006568  0.381216   
10   0.000000               0.005026                0.000000  0.296744   
11   0.005026               0.000000                0.005026  0.096055   
12   0.006858               0.000000                0.006858  0.070485   
13   0.000000               0.006858                0.000000  0.199941   
14   0.000000               0.053119                0.000000  0.617507   
15   0.053119               0.000000                0.053119  0.396763   
16   0.000000               0.019712                0.000000  0.120517   
17   0.019712               0.000000                0.019712  0.014504   

    Blue Ctrl  Red Ctrl differential  Blue Ctrl differential  Red Head  \
0    0.371596               0.160879                0.371596  1.527651   
1    0.160879               0.371596                0.160879  2.773549   
2    0.061903               0.385407                0.061903  3.292421   
3    0.385407               0.061903                0.385407  3.912722   
4    0.030425               0.583927                0.030425  2.926360   
5    0.583927               0.030425                0.583927  2.797110   
6    0.018581               0.334474                0.018581  3.285526   
7    0.334474               0.018581                0.334474  2.866943   
8    0.381216               0.071685                0.381216  2.335640   
9    0.071685               0.381216                0.071685  1.208133   
10   0.096055               0.296744                0.096055  3.404192   
11   0.296744               0.096055                0.296744  4.209240   
12   0.199941               0.070485                0.199941  2.508089   
13   0.070485               0.199941                0.070485  1.228166   
14   0.396763               0.617507                0.396763  2.337372   
15   0.617507               0.396763                0.617507  3.349288   
16   0.014504               0.120517                0.014504  3.859815   
17   0.120517               0.014504                0.120517  0.391319   

    Blue Head  Red Head differential  Blue Head differential  Red Body  \
0    2.773549               1.527651                2.773549  0.742145   
1    1.527651               2.773549                1.527651  0.633760   
2    3.912722               3.292421                3.912722  0.793717   
3    3.292421               3.912722                3.292421  0.473490   
4    2.797110               2.926360                2.797110  1.062140   
5    2.926360               2.797110                2.926360  0.970354   
6    2.866943               3.285526                2.866943  0.717015   
7    3.285526               2.866943                3.285526  1.077471   
8    1.208133               2.335640                1.208133  0.715281   
9    2.335640               1.208133                2.335640  0.516527   
10   4.209240               3.404192                4.209240  0.355120   
11   3.404192               4.209240                3.404192  0.767296   
12   1.228166               2.508089                1.228166  0.395949   
13   2.508089               1.228166                2.508089  0.262918   
14   3.349288               2.337372                3.349288  0.365202   
15   2.337372               3.349288                2.337372  0.595477   
16   0.391319               3.859815                0.391319  0.501448   
17   3.859815               0.391319                3.859815  0.146706   

    Blue Body  Red Body differential  Blue Body differential   Red Leg  \
0    0.633760               0.742145                0.633760  0.784285   
1    0.742145               0.633760                0.742145  0.575978   
2    0.473490               0.793717                0.473490  0.447809   
3    0.793717               0.473490                0.793717  0.380950   
4    0.970354               1.062140                0.970354  0.103234   
5    1.062140               0.970354                1.062140  0.398501   
6    1.077471               0.717015                1.077471  1.040220   
7    0.717015               1.077471                0.717015  0.920482   
8    0.516527               0.715281                0.516527  0.373795   
9    0.715281               0.516527                0.715281  0.151111   
10   0.767296               0.355120                0.767296  0.242217   
11   0.355120               0.767296                0.355120  1.582821   
12   0.262918               0.395949                0.262918  0.635642   
13   0.395949               0.262918                0.395949  0.819874   
14   0.595477               0.365202                0.595477  0.113725   
15   0.365202               0.595477                0.365202  0.437279   
16   0.146706               0.501448                0.146706  0.338948   
17   0.501448               0.146706                0.501448  1.856146   

    Blue Leg  Red Leg differential  Blue Leg differential  Red Distance  \
0   0.575978              0.784285               0.575978      2.506833   
1   0.784285              0.575978               0.784285      3.281300   
2   0.380950              0.447809               0.380950      3.709593   
3   0.447809              0.380950               0.447809      3.184963   
4   0.398501              0.103234               0.398501      2.009158   
5   0.103234              0.398501               0.103234      3.813490   
6   0.920482              1.040220               0.920482      3.359025   
7   1.040220              0.920482               1.040220      4.397555   
8   0.151111              0.373795               0.151111      2.844244   
9   0.373795              0.151111               0.373795      1.240972   
10  1.582821              0.242217               1.582821      2.694644   
11  0.242217              1.582821               0.242217      6.045615   
12  0.819874              0.635642               0.819874      2.952391   
13  0.635642              0.819874               0.635642      1.935844   
14  0.437279              0.113725               0.437279      1.792961   
15  0.113725              0.437279               0.113725      2.626681   
16  1.856146              0.338948               1.856146      3.952288   
17  0.338948              1.856146               0.338948      2.214750   

    Blue Distance  Red Distance differential  Blue Distance differential  \
0        3.281300                   2.506833                    3.281300   
1        2.506833                   3.281300                    2.506833   
2        3.184963                   3.709593                    3.184963   
3        3.709593                   3.184963                    3.709593   
4        3.813490                   2.009158                    3.813490   
5        2.009158                   3.813490                    2.009158   
6        4.397555                   3.359025                    4.397555   
7        3.359025                   4.397555                    3.359025   
8        1.240972                   2.844244                    1.240972   
9        2.844244                   1.240972                    2.844244   
10       6.045615                   2.694644                    6.045615   
11       2.694644                   6.045615                    2.694644   
12       1.935844                   2.952391                    1.935844   
13       2.952391                   1.935844                    2.952391   
14       2.626681                   1.792961                    2.626681   
15       1.792961                   2.626681                    1.792961   
16       2.214750                   3.952288                    2.214750   
17       3.952288                   2.214750                    3.952288   

    Red Clinch  Blue Clinch  Red Clinch differential  \
0     0.298088     0.370133                 0.298088   
1     0.370133     0.298088                 0.370133   
2     0.305050     0.164045                 0.305050   
3     0.164045     0.305050                 0.164045   
4     1.179982     0.201549                 1.179982   
5     0.201549     1.179982                 0.201549   
6     0.327821     0.075029                 0.327821   
7     0.075029     0.327821                 0.075029   
8     0.062032     0.038596                 0.062032   
9     0.038596     0.062032                 0.038596   
10    0.519671     0.471299                 0.519671   
11    0.471299     0.519671                 0.471299   
12    0.348921     0.055187                 0.348921   
13    0.055187     0.348921                 0.055187   
14    0.493473     0.236333                 0.493473   
15    0.236333     0.493473                 0.236333   
16    0.088397     0.042017                 0.088397   
17    0.042017     0.088397                 0.042017   

    Blue Clinch differential  Red Ground  Blue Ground  \
0                   0.370133    0.249160     0.331855   
1                   0.298088    0.331855     0.249160   
2                   0.164045    0.519305     1.418154   
3                   0.305050    1.418154     0.519305   
4                   0.201549    0.902593     0.150927   
5                   1.179982    0.150927     0.902593   
6                   0.075029    1.355916     0.392311   
7                   0.327821    0.392311     1.355916   
8                   0.038596    0.518440     0.596203   
9                   0.062032    0.596203     0.518440   
10                  0.471299    0.787214     0.042443   
11                  0.519671    0.042443     0.787214   
12                  0.055187    0.238368     0.319926   
13                  0.348921    0.319926     0.238368   
14                  0.236333    0.529866     1.519029   
15                  0.493473    1.519029     0.529866   
16                  0.042017    0.659526     0.137405   
17                  0.088397    0.137405     0.659526   

    Red Ground differential  Blue Ground differential  Red Sig. str.%  \
0                  0.249160                  0.331855        0.049936   
1                  0.331855                  0.249160        0.026798   
2                  0.519305                  1.418154        0.110636   
3                  1.418154                  0.519305        0.111953   
4                  0.902593                  0.150927        0.068353   
5                  0.150927                  0.902593        0.038535   
6                  1.355916                  0.392311        0.048450   
7                  0.392311                  1.355916        0.042875   
8                  0.518440                  0.596203        0.047403   
9                  0.596203                  0.518440        0.037633   
10                 0.787214                  0.042443        0.129832   
11                 0.042443                  0.787214        0.091613   
12                 0.238368                  0.319926        0.094211   
13                 0.319926                  0.238368        0.138135   
14                 0.529866                  1.519029        0.095391   
15                 1.519029                  0.529866        0.114301   
16                 0.659526                  0.137405        0.108087   
17                 0.137405                  0.659526        0.097013   

    Blue Sig. str.%  Red Sig. str.% differential  \
0          0.026798                     0.049936   
1          0.049936                     0.026798   
2          0.111953                     0.110636   
3          0.110636                     0.111953   
4          0.038535                     0.068353   
5          0.068353                     0.038535   
6          0.042875                     0.048450   
7          0.048450                     0.042875   
8          0.037633                     0.047403   
9          0.047403                     0.037633   
10         0.091613                     0.129832   
11         0.129832                     0.091613   
12         0.138135                     0.094211   
13         0.094211                     0.138135   
14         0.114301                     0.095391   
15         0.095391                     0.114301   
16         0.097013                     0.108087   
17         0.108087                     0.097013   

    Blue Sig. str.% differential  Red Sig. str.% defense  \
0                       0.026798                 69017.0   
1                       0.049936                 44167.0   
2                       0.111953                 13739.0   
3                       0.110636                   827.0   
4                       0.038535                   144.0   
5                       0.068353                 99012.0   
6                       0.042875                    33.0   
7                       0.048450                265879.0   
8                       0.037633                 38547.0   
9                       0.047403                  3042.0   
10                      0.091613                  7856.0   
11                      0.129832                 16602.0   
12                      0.138135                 19133.0   
13                      0.094211                 48622.0   
14                      0.114301                    43.0   
15                      0.095391                  1641.0   
16                      0.097013                153782.0   
17                      0.108087                     3.0   

    Blue Sig. str.% defense  Red Total str.% differential  \
0                   44167.0                      0.052358   
1                   69017.0                      0.032278   
2                     827.0                      0.113770   
3                   13739.0                      0.116959   
4                   99012.0                      0.076761   
5                     144.0                      0.043060   
6                  265879.0                      0.057007   
7                      33.0                      0.047675   
8                    3042.0                      0.049201   
9                   38547.0                      0.041240   
10                  16602.0                      0.135128   
11                   7856.0                      0.093286   
12                  48622.0                      0.096277   
13                  19133.0                      0.144996   
14                   1641.0                      0.129851   
15                     43.0                      0.124142   
16                      3.0                      0.112821   
17                 153782.0                      0.101583   

    Blue Total str.% differential   Red Td%  Blue Td%  Red Td% differential  \
0                        0.032278  0.017114  0.017851              0.017114   
1                        0.052358  0.017851  0.017114              0.017851   
2                        0.116959  0.129350  0.012181              0.129350   
3                        0.113770  0.012181  0.129350              0.012181   
4                        0.043060  0.039652  0.002238              0.039652   
5                        0.076761  0.002238  0.039652              0.002238   
6                        0.047675  0.038172  0.011844              0.038172   
7                        0.057007  0.011844  0.038172              0.011844   
8                        0.041240  0.009828  0.030000              0.009828   
9                        0.049201  0.030000  0.009828              0.030000   
10                       0.093286  0.057646  0.004925              0.057646   
11                       0.135128  0.004925  0.057646              0.004925   
12                       0.144996  0.009339  0.020293              0.009339   
13                       0.096277  0.020293  0.009339              0.020293   
14                       0.124142  0.121502  0.084613              0.121502   
15                       0.129851  0.084613  0.121502              0.084613   
16                       0.101583  0.030051  0.000000              0.030051   
17                       0.112821  0.000000  0.030051              0.000000   

    Blue Td% differential  Red Td% defense  Blue Td% defense  \
0                0.017851         194884.0           56659.0   
1                0.017114          56659.0          194884.0   
2                0.012181          46346.0            1489.0   
3                0.129350           1489.0           46346.0   
4                0.002238           1280.0          397630.0   
5                0.039652         397630.0            1280.0   
6                0.011844            250.0          607583.0   
7                0.038172         607583.0             250.0   
8                0.030000          67096.0           10722.0   
9                0.009828          10722.0           67096.0   
10               0.004925          35466.0           39020.0   
11               0.057646          39020.0           35466.0   
12               0.020293          76410.0           85528.0   
13               0.009339          85528.0           76410.0   
14               0.084613            419.0            3908.0   
15               0.121502           3908.0             419.0   
16               0.000000         855247.0              25.0   
17               0.030051             25.0          855247.0   

    Red Head% differential  Blue Head% differential  Red Body%  Blue Body%  \
0                 0.041724                 0.023408   0.046874    0.030888   
1                 0.023408                 0.041724   0.030888    0.046874   
2                 0.103839                 0.108676   0.154241    0.083048   
3                 0.108676                 0.103839   0.083048    0.154241   
4                 0.063905                 0.031527   0.096064    0.055636   
5                 0.031527                 0.063905   0.055636    0.096064   
6                 0.038029                 0.035561   0.053067    0.056774   
7                 0.035561                 0.038029   0.056774    0.053067   
8                 0.048313                 0.035450   0.060369    0.041949   
9                 0.035450                 0.048313   0.041949    0.060369   
10                0.121301                 0.066248   0.163504    0.057949   
11                0.066248                 0.121301   0.057949    0.163504   
12                0.080195                 0.080865   0.083466    0.033160   
13                0.080865                 0.080195   0.033160    0.083466   
14                0.100053                 0.096996   0.052804    0.202846   
15                0.096996                 0.100053   0.202846    0.052804   
16                0.104326                 0.018744   0.073136    0.046775   
17                0.018744                 0.104326   0.046775    0.073136   

    Red Body% differential  Blue Body% differential  Red Body% defense  \
0                 0.046874                 0.030888            12573.0   
1                 0.030888                 0.046874            10857.0   
2                 0.154241                 0.083048             4441.0   
3                 0.083048                 0.154241              354.0   
4                 0.096064                 0.055636               10.0   
5                 0.055636                 0.096064            39909.0   
6                 0.053067                 0.056774               24.0   
7                 0.056774                 0.053067            46625.0   
8                 0.060369                 0.041949            14595.0   
9                 0.041949                 0.060369             2156.0   
10                0.163504                 0.057949              324.0   
11                0.057949                 0.163504             8500.0   
12                0.083466                 0.033160            19759.0   
13                0.033160                 0.083466             6597.0   
14                0.052804                 0.202846                1.0   
15                0.202846                 0.052804              231.0   
16                0.073136                 0.046775           159479.0   
17                0.046775                 0.073136                6.0   

    Blue Body% defense  Red Leg%  Blue Leg%  Red Leg% differential  \
0              10857.0  0.051666   0.038291               0.051666   
1              12573.0  0.038291   0.051666               0.038291   
2                354.0  0.040257   0.113049               0.040257   
3               4441.0  0.113049   0.040257               0.113049   
4              39909.0  0.021589   0.060389               0.021589   
5                 10.0  0.060389   0.021589               0.060389   
6              46625.0  0.092495   0.076123               0.092495   
7                 24.0  0.076123   0.092495               0.076123   
8               2156.0  0.061530   0.046082               0.061530   
9              14595.0  0.046082   0.061530               0.046082   
10              8500.0  0.064886   0.210508               0.064886   
11               324.0  0.210508   0.064886               0.210508   
12              6597.0  0.167327   0.269222               0.167327   
13             19759.0  0.269222   0.167327               0.269222   
14               231.0  0.062469   0.059743               0.062469   
15                 1.0  0.059743   0.062469               0.059743   
16                 6.0  0.097147   0.173023               0.097147   
17            159479.0  0.173023   0.097147               0.173023   

    Blue Leg% differential  Red Leg% defense  Blue Leg% defense  \
0                 0.038291           15048.0             1123.0   
1                 0.051666            1123.0            15048.0   
2                 0.113049             280.0              130.0   
3                 0.040257             130.0              280.0   
4                 0.060389              18.0            34144.0   
5                 0.021589           34144.0               18.0   
6                 0.076123               0.0            11588.0   
7                 0.092495           11588.0                0.0   
8                 0.046082            4409.0              442.0   
9                 0.061530             442.0             4409.0   
10                0.210508             963.0              332.0   
11                0.064886             332.0              963.0   
12                0.269222            4056.0             1928.0   
13                0.167327            1928.0             4056.0   
14                0.059743               2.0               72.0   
15                0.062469              72.0                2.0   
16                0.173023            1336.0                0.0   
17                0.097147               0.0             1336.0   

    Red Distance% differential  Blue Distance% differential  Red Clinch%  \
0                     0.046908                     0.017377     0.030689   
1                     0.017377                     0.046908     0.032614   
2                     0.104929                     0.081655     0.128122   
3                     0.081655                     0.104929     0.100489   
4                     0.059564                     0.037004     0.049489   
5                     0.037004                     0.059564     0.047577   
6                     0.041608                     0.040389     0.033188   
7                     0.040389                     0.041608     0.036556   
8                     0.043126                     0.033816     0.014899   
9                     0.033816                     0.043126     0.026519   
10                    0.107408                     0.100739     0.097432   
11                    0.100739                     0.107408     0.046415   
12                    0.089811                     0.136601     0.092406   
13                    0.136601                     0.089811     0.014508   
14                    0.073478                     0.103666     0.058325   
15                    0.103666                     0.073478     0.132225   
16                    0.099494                     0.089702     0.029030   
17                    0.089702                     0.099494     0.042017   

    Blue Clinch%  Red Clinch% differential  Blue Clinch% differential  \
0       0.032614                  0.030689                   0.032614   
1       0.030689                  0.032614                   0.030689   
2       0.100489                  0.128122                   0.100489   
3       0.128122                  0.100489                   0.128122   
4       0.047577                  0.049489                   0.047577   
5       0.049489                  0.047577                   0.049489   
6       0.036556                  0.033188                   0.036556   
7       0.033188                  0.036556                   0.033188   
8       0.026519                  0.014899                   0.026519   
9       0.014899                  0.026519                   0.014899   
10      0.046415                  0.097432                   0.046415   
11      0.097432                  0.046415                   0.097432   
12      0.014508                  0.092406                   0.014508   
13      0.092406                  0.014508                   0.092406   
14      0.132225                  0.058325                   0.132225   
15      0.058325                  0.132225                   0.058325   
16      0.042017                  0.029030                   0.042017   
17      0.029030                  0.042017                   0.029030   

    Red Clinch% defense  Blue Clinch% defense  Red Ground%  Blue Ground%  \
0               27147.0                8650.0     0.040789      0.027103   
1                8650.0               27147.0     0.027103      0.040789   
2               26776.0                1972.0     0.044351      0.110935   
3                1972.0               26776.0     0.110935      0.044351   
4                  38.0               63038.0     0.065096      0.034967   
5               63038.0                  38.0     0.034967      0.065096   
6                  97.0              579950.0     0.073262      0.046215   
7              579950.0                  97.0     0.046215      0.073262   
8               29537.0                3988.0     0.037195      0.040363   
9                3988.0               29537.0     0.040363      0.037195   
10                589.0               10337.0     0.134564      0.024186   
11              10337.0                 589.0     0.024186      0.134564   
12              29064.0               40842.0     0.054069      0.026861   
13              40842.0               29064.0     0.026861      0.054069   
14                 64.0                 881.0     0.195883      0.122978   
15                881.0                  64.0     0.122978      0.195883   
16             758519.0                  16.0     0.069823      0.004432   
17                 16.0              758519.0     0.004432      0.069823   

    Red Ground% differential  Blue Ground% differential  Red Ground% defense  \
0                   0.040789                   0.027103             106779.0   
1                   0.027103                   0.040789              26387.0   
2                   0.044351                   0.110935              25756.0   
3                   0.110935                   0.044351               1470.0   
4                   0.065096                   0.034967                192.0   
5                   0.034967                   0.065096             148131.0   
6                   0.073262                   0.046215                 28.0   
7                   0.046215                   0.073262             313316.0   
8                   0.037195                   0.040363              36300.0   
9                   0.040363                   0.037195               2332.0   
10                  0.134564                   0.024186              24710.0   
11                  0.024186                   0.134564              36509.0   
12                  0.054069                   0.026861              12379.0   
13                  0.026861                   0.054069              59091.0   
14                  0.195883                   0.122978                  5.0   
15                  0.122978                   0.195883                923.0   
16                  0.069823                   0.004432             413214.0   
17                  0.004432                   0.069823                  0.0   

    Blue Ground% defense  dob oppdiff  totalfights oppdiff  elo oppdiff  \
0                26387.0          3.0                  1.0    63.455295   
1               106779.0         -3.0                 -1.0   -63.455295   
2                 1470.0         -2.0                  6.0    77.569754   
3                25756.0          2.0                 -6.0   -77.569754   
4               148131.0         11.0                -14.0    31.678062   
5                  192.0        -11.0                 14.0   -31.678062   
6               313316.0         11.0                -18.0    15.276208   
7                   28.0        -11.0                 18.0   -15.276208   
8                 2332.0         -9.0                  5.0    23.858246   
9                36300.0          9.0                 -5.0   -23.858246   
10               36509.0         -1.0                 -1.0    43.492470   
11               24710.0          1.0                  1.0   -43.492470   
12               59091.0          5.0                 -2.0    62.939113   
13               12379.0         -5.0                  2.0   -62.939113   
14                 923.0          0.0                 -4.0    15.272895   
15                   5.0          0.0                  4.0   -15.272895   
16                   0.0         -1.0                 18.0    43.688352   
17              413214.0          1.0                -18.0   -43.688352   

    losestreak oppdiff  winstreak oppdiff  titlewins oppdiff  oppelo oppdiff  \
0                 -1.0               12.0                2.0      844.695279   
1                  1.0              -12.0               -2.0     -844.695279   
2                 -1.0                5.0                2.0     6096.033170   
3                  1.0               -5.0               -2.0    -6096.033170   
4                 -1.0                6.0                0.0   -14770.921318   
5                  1.0               -6.0                0.0    14770.921318   
6                 -7.0                5.0               -2.0   -19162.022872   
7                  7.0               -5.0                2.0    19162.022872   
8                 -1.0                1.0                0.0     5458.572682   
9                  1.0               -1.0                0.0    -5458.572682   
10                -1.0                4.0                0.0    -1019.463898   
11                 1.0               -4.0                0.0     1019.463898   
12                -3.0                2.0                1.0    -1662.188233   
13                 3.0               -2.0               -1.0     1662.188233   
14                -1.0                2.0                0.0    -3999.807737   
15                 1.0               -2.0                0.0     3999.807737   
16                -2.0                1.0                0.0    18312.948793   
17                 2.0               -1.0                0.0   -18312.948793   

    wins oppdiff  losses oppdiff  KD oppdiff  KD differential oppdiff  \
0            2.0            -2.0    0.028395                 0.028395   
1           -2.0             2.0   -0.028395                -0.028395   
2            6.0             0.0   -0.084829                -0.084829   
3           -6.0             0.0    0.084829                 0.084829   
4           -6.0            -7.0   -0.003784                -0.003784   
5            6.0             7.0    0.003784                 0.003784   
6          -10.0            -8.0    0.030788                 0.030788   
7           10.0             8.0   -0.030788                -0.030788   
8            3.0             2.0    0.140488                 0.140488   
9           -3.0            -2.0   -0.140488                -0.140488   
10           1.0            -2.0   -0.047106                -0.047106   
11          -1.0             2.0    0.047106                 0.047106   
12           1.0            -3.0    0.096984                 0.096984   
13          -1.0             3.0   -0.096984                -0.096984   
14          -1.0            -2.0   -0.029129                -0.029129   
15           1.0             2.0    0.029129                 0.029129   
16          10.0             7.0    0.054006                 0.054006   
17         -10.0            -7.0   -0.054006                -0.054006   

    Sig. str. oppdiff  Sig. str. differential oppdiff  Total str. oppdiff  \
0           -0.929206                       -0.929206           -3.256107   
1            0.929206                        0.929206            3.256107   
2           -0.233214                       -0.233214           -2.229739   
3            0.233214                        0.233214            2.229739   
4           -0.074232                       -0.074232            1.943517   
5            0.074232                        0.074232           -1.943517   
6            0.177865                        0.177865            1.739666   
7           -0.177865                       -0.177865           -1.739666   
8            1.548944                        1.548944           -0.261221   
9           -1.548944                       -1.548944            0.261221   
10          -2.557829                       -2.557829           -1.469523   
11           2.557829                        2.557829            1.469523   
12           1.228723                        1.228723           -0.636263   
13          -1.228723                       -1.228723            0.636263   
14          -1.565745                       -1.565745           -1.990989   
15           1.565745                        1.565745            1.990989   
16           2.306040                        2.306040            3.004993   
17          -2.306040                       -2.306040           -3.004993   

    Total str. differential oppdiff  Td oppdiff  Td differential oppdiff  \
0                         -3.256107   -0.118031                -0.118031   
1                          3.256107    0.118031                 0.118031   
2                         -2.229739    0.263416                 0.263416   
3                          2.229739   -0.263416                -0.263416   
4                          1.943517    0.099023                 0.099023   
5                         -1.943517   -0.099023                -0.099023   
6                          1.739666    0.053683                 0.053683   
7                         -1.739666   -0.053683                -0.053683   
8                         -0.261221   -0.166043                -0.166043   
9                          0.261221    0.166043                 0.166043   
10                        -1.469523    0.076068                 0.076068   
11                         1.469523   -0.076068                -0.076068   
12                        -0.636263   -0.044432                -0.044432   
13                         0.636263    0.044432                 0.044432   
14                        -1.990989   -0.020171                -0.020171   
15                         1.990989    0.020171                 0.020171   
16                         3.004993    0.084034                 0.084034   
17                        -3.004993   -0.084034                -0.084034   

    Sub. att oppdiff  Sub. att differential oppdiff  Rev. oppdiff  \
0           0.020096                       0.020096      0.003563   
1          -0.020096                      -0.020096     -0.003563   
2           0.051459                       0.051459     -0.021967   
3          -0.051459                      -0.051459      0.021967   
4           0.125015                       0.125015     -0.000093   
5          -0.125015                      -0.125015      0.000093   
6           0.049189                       0.049189     -0.002297   
7          -0.049189                      -0.049189      0.002297   
8          -0.048662                      -0.048662      0.005632   
9           0.048662                       0.048662     -0.005632   
10          0.059417                       0.059417      0.005026   
11         -0.059417                      -0.059417     -0.005026   
12         -0.128113                      -0.128113     -0.006858   
13          0.128113                       0.128113      0.006858   
14          0.375145                       0.375145      0.053119   
15         -0.375145                      -0.375145     -0.053119   
16          0.017155                       0.017155      0.019712   
17         -0.017155                      -0.017155     -0.019712   

    Rev. differential oppdiff  Ctrl oppdiff  Ctrl differential oppdiff  \
0                    0.003563     -0.210717                  -0.210717   
1                   -0.003563      0.210717                   0.210717   
2                   -0.021967      0.323504                   0.323504   
3                    0.021967     -0.323504                  -0.323504   
4                   -0.000093      0.553502                   0.553502   
5                    0.000093     -0.553502                  -0.553502   
6                   -0.002297      0.315893                   0.315893   
7                    0.002297     -0.315893                  -0.315893   
8                    0.005632     -0.309531                  -0.309531   
9                   -0.005632      0.309531                   0.309531   
10                   0.005026      0.200690                   0.200690   
11                  -0.005026     -0.200690                  -0.200690   
12                  -0.006858     -0.129457                  -0.129457   
13                   0.006858      0.129457                   0.129457   
14                   0.053119      0.220744                   0.220744   
15                  -0.053119     -0.220744                  -0.220744   
16                   0.019712      0.106013                   0.106013   
17                  -0.019712     -0.106013                  -0.106013   

    Head oppdiff  Head differential oppdiff  Body oppdiff  \
0      -1.245898                  -1.245898      0.108385   
1       1.245898                   1.245898     -0.108385   
2      -0.620301                  -0.620301      0.320227   
3       0.620301                   0.620301     -0.320227   
4       0.129250                   0.129250      0.091785   
5      -0.129250                  -0.129250     -0.091785   
6       0.418583                   0.418583     -0.360456   
7      -0.418583                  -0.418583      0.360456   
8       1.127506                   1.127506      0.198754   
9      -1.127506                  -1.127506     -0.198754   
10     -0.805048                  -0.805048     -0.412177   
11      0.805048                   0.805048      0.412177   
12      1.279923                   1.279923      0.133031   
13     -1.279923                  -1.279923     -0.133031   
14     -1.011916                  -1.011916     -0.230275   
15      1.011916                   1.011916      0.230275   
16      3.468496                   3.468496      0.354742   
17     -3.468496                  -3.468496     -0.354742   

    Body differential oppdiff  Leg oppdiff  Leg differential oppdiff  \
0                    0.108385     0.208307                  0.208307   
1                   -0.108385    -0.208307                 -0.208307   
2                    0.320227     0.066859                  0.066859   
3                   -0.320227    -0.066859                 -0.066859   
4                    0.091785    -0.295267                 -0.295267   
5                   -0.091785     0.295267                  0.295267   
6                   -0.360456     0.119738                  0.119738   
7                    0.360456    -0.119738                 -0.119738   
8                    0.198754     0.222684                  0.222684   
9                   -0.198754    -0.222684                 -0.222684   
10                  -0.412177    -1.340604                 -1.340604   
11                   0.412177     1.340604                  1.340604   
12                   0.133031    -0.184232                 -0.184232   
13                  -0.133031     0.184232                  0.184232   
14                  -0.230275    -0.323554                 -0.323554   
15                   0.230275     0.323554                  0.323554   
16                   0.354742    -1.517198                 -1.517198   
17                  -0.354742     1.517198                  1.517198   

    Distance oppdiff  Distance differential oppdiff  Clinch oppdiff  \
0          -0.774466                      -0.774466       -0.072045   
1           0.774466                       0.774466        0.072045   
2           0.524630                       0.524630        0.141005   
3          -0.524630                      -0.524630       -0.141005   
4          -1.804332                      -1.804332        0.978434   
5           1.804332                       1.804332       -0.978434   
6          -1.038530                      -1.038530        0.252792   
7           1.038530                       1.038530       -0.252792   
8           1.603272                       1.603272        0.023436   
9          -1.603272                      -1.603272       -0.023436   
10         -3.350971                      -3.350971        0.048371   
11          3.350971                       3.350971       -0.048371   
12          1.016547                       1.016547        0.293734   
13         -1.016547                      -1.016547       -0.293734   
14         -0.833721                      -0.833721        0.257139   
15          0.833721                       0.833721       -0.257139   
16          1.737538                       1.737538        0.046381   
17         -1.737538                      -1.737538       -0.046381   

    Clinch differential oppdiff  Ground oppdiff  Ground differential oppdiff  \
0                     -0.072045       -0.082695                    -0.082695   
1                      0.072045        0.082695                     0.082695   
2                      0.141005       -0.898849                    -0.898849   
3                     -0.141005        0.898849                     0.898849   
4                      0.978434        0.751666                     0.751666   
5                     -0.978434       -0.751666                    -0.751666   
6                      0.252792        0.963604                     0.963604   
7                     -0.252792       -0.963604                    -0.963604   
8                      0.023436       -0.077764                    -0.077764   
9                     -0.023436        0.077764                     0.077764   
10                     0.048371        0.744771                     0.744771   
11                    -0.048371       -0.744771                    -0.744771   
12                     0.293734       -0.081558                    -0.081558   
13                    -0.293734        0.081558                     0.081558   
14                     0.257139       -0.989163                    -0.989163   
15                    -0.257139        0.989163                     0.989163   
16                     0.046381        0.522121                     0.522121   
17                    -0.046381       -0.522121                    -0.522121   

    Sig. str.% oppdiff  Sig. str.% differential oppdiff  \
0             0.023137                         0.023137   
1            -0.023137                        -0.023137   
2            -0.001316                        -0.001316   
3             0.001316                         0.001316   
4             0.029819                         0.029819   
5            -0.029819                        -0.029819   
6             0.005576                         0.005576   
7            -0.005576                        -0.005576   
8             0.009770                         0.009770   
9            -0.009770                        -0.009770   
10            0.038219                         0.038219   
11           -0.038219                        -0.038219   
12           -0.043924                        -0.043924   
13            0.043924                         0.043924   
14           -0.018910                        -0.018910   
15            0.018910                         0.018910   
16            0.011073                         0.011073   
17           -0.011073                        -0.011073   

    Sig. str.% defense oppdiff  Total str.% differential oppdiff  Td% oppdiff  \
0                      24850.0                          0.020080    -0.000737   
1                     -24850.0                         -0.020080     0.000737   
2                      12912.0                         -0.003190     0.117168   
3                     -12912.0                          0.003190    -0.117168   
4                     -98868.0                          0.033701     0.037414   
5                      98868.0                         -0.033701    -0.037414   
6                    -265846.0                          0.009333     0.026328   
7                     265846.0                         -0.009333    -0.026328   
8                      35505.0                          0.007962    -0.020172   
9                     -35505.0                         -0.007962     0.020172   
10                     -8746.0                          0.041842     0.052721   
11                      8746.0                         -0.041842    -0.052721   
12                    -29489.0                         -0.048719    -0.010954   
13                     29489.0                          0.048719     0.010954   
14                     -1598.0                          0.005709     0.036889   
15                      1598.0                         -0.005709    -0.036889   
16                    153779.0                          0.011238     0.030051   
17                   -153779.0                         -0.011238    -0.030051   

    Td% differential oppdiff  Td% defense oppdiff  Head% differential oppdiff  \
0                  -0.000737             138225.0                    0.018316   
1                   0.000737            -138225.0                   -0.018316   
2                   0.117168              44857.0                   -0.004838   
3                  -0.117168             -44857.0                    0.004838   
4                   0.037414            -396350.0                    0.032377   
5                  -0.037414             396350.0                   -0.032377   
6                   0.026328            -607333.0                    0.002468   
7                  -0.026328             607333.0                   -0.002468   
8                  -0.020172              56374.0                    0.012863   
9                   0.020172             -56374.0                   -0.012863   
10                  0.052721              -3554.0                    0.055053   
11                 -0.052721               3554.0                   -0.055053   
12                 -0.010954              -9118.0                   -0.000670   
13                  0.010954               9118.0                    0.000670   
14                  0.036889              -3489.0                    0.003057   
15                 -0.036889               3489.0                   -0.003057   
16                  0.030051             855222.0                    0.085582   
17                 -0.030051            -855222.0                   -0.085582   

    Body% oppdiff  Body% differential oppdiff  Body% defense oppdiff  \
0        0.015986                    0.015986                 1716.0   
1       -0.015986                   -0.015986                -1716.0   
2        0.071194                    0.071194                 4087.0   
3       -0.071194                   -0.071194                -4087.0   
4        0.040428                    0.040428               -39899.0   
5       -0.040428                   -0.040428                39899.0   
6       -0.003707                   -0.003707               -46601.0   
7        0.003707                    0.003707                46601.0   
8        0.018420                    0.018420                12439.0   
9       -0.018420                   -0.018420               -12439.0   
10       0.105555                    0.105555                -8176.0   
11      -0.105555                   -0.105555                 8176.0   
12       0.050306                    0.050306                13162.0   
13      -0.050306                   -0.050306               -13162.0   
14      -0.150042                   -0.150042                 -230.0   
15       0.150042                    0.150042                  230.0   
16       0.026360                    0.026360               159473.0   
17      -0.026360                   -0.026360              -159473.0   

    Leg% oppdiff  Leg% differential oppdiff  Leg% defense oppdiff  \
0       0.013374                   0.013374               13925.0   
1      -0.013374                  -0.013374              -13925.0   
2      -0.072792                  -0.072792                 150.0   
3       0.072792                   0.072792                -150.0   
4      -0.038800                  -0.038800              -34126.0   
5       0.038800                   0.038800               34126.0   
6       0.016372                   0.016372              -11588.0   
7      -0.016372                  -0.016372               11588.0   
8       0.015448                   0.015448                3967.0   
9      -0.015448                  -0.015448               -3967.0   
10     -0.145622                  -0.145622                 631.0   
11      0.145622                   0.145622                -631.0   
12     -0.101896                  -0.101896                2128.0   
13      0.101896                   0.101896               -2128.0   
14      0.002727                   0.002727                 -70.0   
15     -0.002727                  -0.002727                  70.0   
16     -0.075876                  -0.075876                1336.0   
17      0.075876                   0.075876               -1336.0   

    Distance% differential oppdiff  Clinch% oppdiff  \
0                         0.029532        -0.001925   
1                        -0.029532         0.001925   
2                         0.023273         0.027633   
3                        -0.023273        -0.027633   
4                         0.022560         0.001912   
5                        -0.022560        -0.001912   
6                         0.001219        -0.003368   
7                        -0.001219         0.003368   
8                         0.009311        -0.011620   
9                        -0.009311         0.011620   
10                        0.006668         0.051018   
11                       -0.006668        -0.051018   
12                       -0.046790         0.077898   
13                        0.046790        -0.077898   
14                       -0.030188        -0.073900   
15                        0.030188         0.073900   
16                        0.009793        -0.012987   
17                       -0.009793         0.012987   

    Clinch% differential oppdiff  Ground% oppdiff  \
0                      -0.001925         0.013686   
1                       0.001925        -0.013686   
2                       0.027633        -0.066584   
3                      -0.027633         0.066584   
4                       0.001912         0.030129   
5                      -0.001912        -0.030129   
6                      -0.003368         0.027047   
7                       0.003368        -0.027047   
8                      -0.011620        -0.003167   
9                       0.011620         0.003167   
10                      0.051018         0.110378   
11                     -0.051018        -0.110378   
12                      0.077898         0.027208   
13                     -0.077898        -0.027208   
14                     -0.073900         0.072906   
15                      0.073900        -0.072906   
16                     -0.012987         0.065390   
17                      0.012987        -0.065390   

    Ground% differential oppdiff  Ground% defense oppdiff predicted_result  \
0                       0.013686                  80392.0              win   
1                      -0.013686                 -80392.0             loss   
2                      -0.066584                  24286.0              win   
3                       0.066584                 -24286.0             loss   
4                       0.030129                -147939.0              win   
5                      -0.030129                 147939.0             loss   
6                       0.027047                -313288.0              win   
7                      -0.027047                 313288.0             loss   
8                      -0.003167                  33968.0              win   
9                       0.003167                 -33968.0              win   
10                      0.110378                 -11799.0             loss   
11                     -0.110378                  11799.0              win   
12                      0.027208                 -46712.0              win   
13                     -0.027208                  46712.0             loss   
14                      0.072906                   -918.0             loss   
15                     -0.072906                    918.0              win   
16                      0.065390                 413214.0             loss   
17                     -0.065390                -413214.0              win   

    probability_draw  probability_loss  probability_win  
0           0.003327          0.341687         0.654985  
1           0.001799          0.625749         0.372451  
2           0.002172          0.417184         0.580644  
3           0.000157          0.584513         0.415330  
4           0.001416          0.298914         0.699670  
5           0.000342          0.696040         0.303617  
6           0.002538          0.241754         0.755708  
7           0.002535          0.610676         0.386790  
8           0.002488          0.472608         0.524904  
9           0.000867          0.475717         0.523416  
10          0.000746          0.622837         0.376418  
11          0.000898          0.308706         0.690396  
12          0.001367          0.358745         0.639888  
13          0.000820          0.569444         0.429735  
14          0.001062          0.713723         0.285216  
15          0.016987          0.354855         0.628159  
16          0.000553          0.528354         0.471093  
17          0.000315          0.396192         0.603493  
