fighter_names
0           Sean Strickland*Dricus Du Plessis
1           Dricus Du Plessis*Sean Strickland
2         Raquel Pennington*Mayra Bueno Silva
3         Mayra Bueno Silva*Raquel Pennington
4                      Neil Magny*Mike Malott
5                      Mike Malott*Neil Magny
6           Chris Curtis*Marc-Andre Barriault
7           Marc-Andre Barriault*Chris Curtis
8                  Arnold Allen*Movsar Evloev
9                  Movsar Evloev*Arnold Allen
10               Brad Katona*Garrett Armfield
11               Garrett Armfield*Brad Katona
12              Charles Jourdain*Sean Woodson
13              Sean Woodson*Charles Jourdain
14                 Serhiy Sidey*Ramon Taveras
15                 Ramon Taveras*Serhiy Sidey
16            Gillian Robertson*Polyana Viana
17            Polyana Viana*Gillian Robertson
18               Yohan Lainesse*Sam Patterson
19               Sam Patterson*Yohan Lainesse
20    Jasmine Jasudavicius*Priscila Cachoeira
21    Priscila Cachoeira*Jasmine Jasudavicius
22                 Malcolm Gordon*Jimmy Flick
23                 Jimmy Flick*Malcolm Gordon
dtype: object
       date  fighter_kd_differential  fighter_str_differential  \
0   unknown                 0.105263                 22.315789   
1   unknown                 0.666667                 29.000000   
2   unknown                 0.000000                  9.529412   
3   unknown                 0.000000                 -4.700000   
4   unknown                -0.193548                 13.354839   
5   unknown                 0.500000                  8.500000   
6   unknown                 0.500000                 -9.875000   
7   unknown                 0.181818                  8.181818   
8   unknown                 0.272727                  6.363636   
9   unknown                 0.000000                 27.428571   
10  unknown                 0.000000                  3.400000   
11  unknown                 0.500000                 11.000000   
12  unknown                 0.363636                 19.454545   
13  unknown                 0.142857                 17.000000   
14  unknown                 1.000000                  0.000000   
15  unknown                -1.000000                  0.000000   
16  unknown                 0.000000                 -5.933333   
17  unknown                 0.000000                  4.000000   
18  unknown                 0.500000                 -8.250000   
19  unknown                 0.000000                 -7.500000   
20  unknown                 0.000000                -10.400000   
21  unknown                 0.111111                -27.777778   
22  unknown                -0.333333                 -2.000000   
23  unknown                -0.250000                -20.750000   

    fighter_td_differential  fighter_sub_differential  fighter_losestreak  \
0                  0.526316                  0.210526                   0   
1                  1.166667                  0.500000                   0   
2                 -0.235294                  0.529412                   0   
3                 -0.900000                  0.900000                   0   
4                  0.483871                 -0.032258                   2   
5                  0.250000                  0.750000                   0   
6                 -0.375000                 -0.250000                   2   
7                 -1.727273                 -0.090909                   0   
8                 -0.090909                 -0.090909                   2   
9                  3.571429                 -0.714286                   0   
10                -0.800000                 -0.200000                   0   
11                -1.000000                 -0.500000                   0   
12                -1.818182                  0.000000                   0   
13                -0.714286                  0.285714                   0   
14                 0.000000                  0.000000                   0   
15                 0.000000                  0.000000                   2   
16                 1.000000                  0.400000                   2   
17                -0.555556                  0.777778                   2   
18                 0.000000                 -0.250000                   2   
19                -1.000000                  1.000000                   2   
20                 1.600000                  0.000000                   0   
21                -1.222222                 -1.000000                   2   
22                -1.000000                  0.000000                   4   
23                 0.250000                  1.500000                   4   

    fighter_age_deviation  fighter_opp_avg_elo  fighter_elo  \
0                    2687          1073.038311  1209.195683   
1                    1642          1126.168606  1218.594777   
2                    3424          1045.934252  1194.733923   
3                    2525          1008.211542  1128.289567   
4                    4040          1104.133812  1202.612988   
5                    2413           996.656169  1112.795873   
6                    3989          1077.310976  1094.735062   
7                    3040          1017.680855  1046.016130   
8                    1550          1080.173119  1237.080281   
9                    1551          1040.345564  1196.281710   
10                   2441           988.774763  1018.000040   
11                    692          1001.550600  1003.133185   
12                    897          1030.670083  1028.420821   
13                   2256           984.827350  1094.445441   
14                    799           976.734751  1030.530498   
15                   1706          1023.265249   969.469502   
16                   1140          1021.345900  1054.960802   
17                   2256           994.085759   973.267759   
18                   2027          1004.779058   996.866878   
19                    693          1001.019356   997.324951   
20                   3394           998.327487  1082.098565   
21                   3637          1001.891709   991.561398   
22                   2866          1023.384528   958.068133   
23                   2846          1003.882778   990.928277   

    opponent_kd_differential  opponent_str_differential  \
0                   0.666667                  29.000000   
1                   0.105263                  22.315789   
2                   0.000000                  -4.700000   
3                   0.000000                   9.529412   
4                   0.500000                   8.500000   
5                  -0.193548                  13.354839   
6                   0.181818                   8.181818   
7                   0.500000                  -9.875000   
8                   0.000000                  27.428571   
9                   0.272727                   6.363636   
10                  0.500000                  11.000000   
11                  0.000000                   3.400000   
12                  0.142857                  17.000000   
13                  0.363636                  19.454545   
14                 -1.000000                   0.000000   
15                  1.000000                   0.000000   
16                  0.000000                   4.000000   
17                  0.000000                  -5.933333   
18                  0.000000                  -7.500000   
19                  0.500000                  -8.250000   
20                  0.111111                 -27.777778   
21                  0.000000                 -10.400000   
22                 -0.250000                 -20.750000   
23                 -0.333333                  -2.000000   

    opponent_td_differential  opponent_sub_differential  opponent_losestreak  \
0                   1.166667                   0.500000                    0   
1                   0.526316                   0.210526                    0   
2                  -0.900000                   0.900000                    0   
3                  -0.235294                   0.529412                    0   
4                   0.250000                   0.750000                    0   
5                   0.483871                  -0.032258                    2   
6                  -1.727273                  -0.090909                    0   
7                  -0.375000                  -0.250000                    2   
8                   3.571429                  -0.714286                    0   
9                  -0.090909                  -0.090909                    2   
10                 -1.000000                  -0.500000                    0   
11                 -0.800000                  -0.200000                    0   
12                 -0.714286                   0.285714                    0   
13                 -1.818182                   0.000000                    0   
14                  0.000000                   0.000000                    2   
15                  0.000000                   0.000000                    0   
16                 -0.555556                   0.777778                    2   
17                  1.000000                   0.400000                    2   
18                 -1.000000                   1.000000                    2   
19                  0.000000                  -0.250000                    2   
20                 -1.222222                  -1.000000                    2   
21                  1.600000                   0.000000                    0   
22                  0.250000                   1.500000                    4   
23                 -1.000000                   0.000000                    4   

    opponent_age_deviation  opponent_elo  opponent_opp_avg_elo  fighter_dob  \
0                     1642   1218.594777           1126.168606         1991   
1                     2687   1209.195683           1073.038311         1994   
2                     2525   1128.289567           1008.211542         1988   
3                     3424   1194.733923           1045.934252         1991   
4                     2413   1112.795873            996.656169         1987   
5                     4040   1202.612988           1104.133812         1991   
6                     3040   1046.016130           1017.680855         1987   
7                     3989   1094.735062           1077.310976         1990   
8                     1551   1196.281710           1040.345564         1994   
9                     1550   1237.080281           1080.173119         1994   
10                     692   1003.133185           1001.550600         1991   
11                    2441   1018.000040            988.774763         1996   
12                    2256   1094.445441            984.827350         1995   
13                     897   1028.420821           1030.670083         1992   
14                    1706    969.469502           1023.265249         1996   
15                     799   1030.530498            976.734751         1994   
16                    2256    973.267759            994.085759         1995   
17                    1140   1054.960802           1021.345900         1992   
18                     693    997.324951           1001.019356         1992   
19                    2027    996.866878           1004.779058         1996   
20                    3637    991.561398           1001.891709         1989   
21                    3394   1082.098565            998.327487         1988   
22                    2846    990.928277           1003.882778         1990   
23                    2866    958.068133           1023.384528         1990   

    opponent_dob   result predicted_result  probability_draw  \
0           1994  unknown             loss          0.000482   
1           1991  unknown              win          0.000209   
2           1991  unknown              win          0.000264   
3           1988  unknown             loss          0.000514   
4           1991  unknown             loss          0.000185   
5           1987  unknown              win          0.000869   
6           1990  unknown             loss          0.000168   
7           1987  unknown              win          0.000218   
8           1994  unknown             loss          0.038638   
9           1994  unknown              win          0.011957   
10          1996  unknown             loss          0.001204   
11          1991  unknown              win          0.000787   
12          1992  unknown              win          0.000326   
13          1995  unknown             loss          0.001285   
14          1994  unknown              win          0.000049   
15          1996  unknown             loss          0.000019   
16          1992  unknown              win          0.000690   
17          1995  unknown             loss          0.000474   
18          1996  unknown              win          0.001754   
19          1992  unknown              win          0.001984   
20          1988  unknown              win          0.002201   
21          1989  unknown             loss          0.001580   
22          1990  unknown              win          0.000145   
23          1990  unknown             loss          0.000171   

    probability_loss  probability_nc  probability_win  
0           0.602625        0.001469         0.395424  
1           0.399590        0.007653         0.592549  
2           0.311678        0.000383         0.687675  
3           0.705437        0.000292         0.293756  
4           0.514035        0.000983         0.484797  
5           0.479554        0.000334         0.519242  
6           0.685181        0.000928         0.313723  
7           0.407766        0.000168         0.591849  
8           0.800460        0.003377         0.157524  
9           0.194094        0.002015         0.791934  
10          0.524608        0.000328         0.473859  
11          0.347563        0.000282         0.651368  
12          0.367736        0.000290         0.631648  
13          0.548680        0.000655         0.449381  
14          0.367834        0.000104         0.632013  
15          0.648988        0.000128         0.350865  
16          0.344590        0.000773         0.653947  
17          0.565390        0.002440         0.431697  
18          0.441931        0.001401         0.554914  
19          0.409434        0.000595         0.587987  
20          0.484318        0.000443         0.513038  
21          0.536768        0.000131         0.461521  
22          0.428022        0.005816         0.566018  
23          0.629769        0.001365         0.368694  
