fighter_names
0           Magomed Ankalaev*Johnny Walker
1           Johnny Walker*Magomed Ankalaev
2               Matheus Nicolau*Manel Kape
3               Manel Kape*Matheus Nicolau
4               Jim Miller*Gabriel Benitez
5               Gabriel Benitez*Jim Miller
6               Ricky Simon*Mario Bautista
7               Mario Bautista*Ricky Simon
8               Phil Hawes*Brunno Ferreira
9               Brunno Ferreira*Phil Hawes
10     Andrei Arlovski*Waldo Cortes-Acosta
11     Waldo Cortes-Acosta*Andrei Arlovski
12    Matthew Semelsberger*Preston Parsons
13    Preston Parsons*Matthew Semelsberger
14           Farid Basharat*Taylor Lapilus
15           Taylor Lapilus*Farid Basharat
dtype: object
     Result  Red age  Blue age  age oppdiff  Red totalfights  \
0   unknown       32        32            0               12   
1   unknown       32        32            0               12   
2   unknown       31        31            0                9   
3   unknown       31        31            0                6   
4   unknown       41        36            5               42   
5   unknown       36        41           -5               13   
6   unknown       32        31            1               11   
7   unknown       31        32           -1                9   
8   unknown       35        32            3                7   
9   unknown       32        35           -3                2   
10  unknown       45        33           12               40   
11  unknown       33        45          -12                4   
12  unknown       32        29            3                9   
13  unknown       29        32           -3                3   
14  unknown       27        32           -5                2   
15  unknown       32        27            5                5   

    Blue totalfights      Red elo     Blue elo  Red losestreak  \
0                 12  1118.652252  1060.518370               0   
1                 12  1060.518370  1118.652252               0   
2                  6  1069.380124  1037.201911               1   
3                  9  1037.201911  1069.380124               0   
4                 13  1073.156038  1009.043910               0   
5                 42  1009.043910  1073.156038               0   
6                  9  1081.479298  1076.371983               1   
7                 11  1076.371983  1081.479298               0   
8                  2  1009.927923  1001.341360               2   
9                  7  1001.341360  1009.927923               1   
10                 4  1051.850349  1024.967342               2   
11                40  1024.967342  1051.850349               0   
12                 3  1015.836495   987.964215               2   
13                 9   987.964215  1015.836495               1   
14                 5  1031.248833  1045.027268               0   
15                 2  1045.027268  1031.248833               0   

    Blue losestreak  Red winstreak  Blue winstreak  Red titlewins  \
0                 0              9               3              0   
1                 0              3               9              0   
2                 0              0               4              0   
3                 1              4               0              0   
4                 0              1               1              0   
5                 0              1               1              0   
6                 0              0               5              0   
7                 1              5               0              0   
8                 1              0               0              0   
9                 2              0               0              0   
10                0              0               1              3   
11                2              1               0              0   
12                1              0               0              0   
13                2              0               0              0   
14                0              2               2              0   
15                0              2               2              0   

    Blue titlewins    Red oppelo   Blue oppelo  Red wins  Blue wins  \
0                0  12451.192384  12614.577588         9          7   
1                0  12614.577588  12451.192384         7          9   
2                0   9160.272972   6088.059146         7          4   
3                0   6088.059146   9160.272972         4          7   
4                0  43465.574314  13100.070476        25          7   
5                0  13100.070476  43465.574314         7         25   
6                0  11515.489593   9090.036394         8          7   
7                0   9090.036394  11515.489593         7          8   
8                0   7061.088116   2047.583709         4          1   
9                0   2047.583709   7061.088116         1          4   
10               0  41077.734846   3895.697984        23          3   
11               3   3895.697984  41077.734846         3         23   
12               0   9244.707039   3075.213819         5          1   
13               0   3075.213819   9244.707039         1          5   
14               0   1999.661851   5028.059006         2          4   
15               0   5028.059006   1999.661851         4          2   

    Red losses  Blue losses    Red KD   Blue KD  Red KD differential  \
0            1            4  0.037450  0.116355             0.037450   
1            4            1  0.116355  0.037450             0.116355   
2            2            2  0.085001  0.152769             0.085001   
3            2            2  0.152769  0.085001             0.152769   
4           16            6  0.200225  0.135720             0.200225   
5            6           16  0.135720  0.200225             0.135720   
6            3            2  0.047844  0.004725             0.047844   
7            2            3  0.004725  0.047844             0.004725   
8            3            1  0.042773  0.047431             0.042773   
9            1            3  0.047431  0.042773             0.047431   
10          16            1  0.028249  0.176796             0.028249   
11           1           16  0.176796  0.028249             0.176796   
12           4            2  0.372732  0.000000             0.372732   
13           2            4  0.000000  0.372732             0.000000   
14           0            1  0.000000  0.022214             0.000000   
15           1            0  0.022214  0.000000             0.022214   

    Blue KD differential  Red Sig. str.  Blue Sig. str.  \
0               0.116355       4.298381        4.731808   
1               0.037450       4.731808        4.298381   
2               0.152769       2.941306        6.938183   
3               0.085001       6.938183        2.941306   
4               0.135720       3.682682        7.870746   
5               0.200225       7.870746        3.682682   
6               0.004725       2.980899        4.393831   
7               0.047844       4.393831        2.980899   
8               0.047431       7.406727        2.913608   
9               0.042773       2.913608        7.406727   
10              0.176796       4.271560        5.760823   
11              0.028249       5.760823        4.271560   
12              0.000000       3.839131        3.662807   
13              0.372732       3.662807        3.839131   
14              0.022214       1.526275        4.432872   
15              0.000000       4.432872        1.526275   

    Red Sig. str. differential  Blue Sig. str. differential  Red Total str.  \
0                     4.298381                     4.731808        6.309131   
1                     4.731808                     4.298381        5.691073   
2                     2.941306                     6.938183        4.046950   
3                     6.938183                     2.941306        7.288736   
4                     3.682682                     7.870746        4.668540   
5                     7.870746                     3.682682        8.623351   
6                     2.980899                     4.393831        4.466040   
7                     4.393831                     2.980899        5.636416   
8                     7.406727                     2.913608        8.355298   
9                     2.913608                     7.406727        2.961039   
10                    4.271560                     5.760823        4.837044   
11                    5.760823                     4.271560        6.075396   
12                    3.839131                     3.662807        4.441571   
13                    3.662807                     3.839131        5.415020   
14                    1.526275                     4.432872        5.719216   
15                    4.432872                     1.526275        5.389330   

    Blue Total str.  Red Total str. differential  \
0          5.691073                     6.309131   
1          6.309131                     5.691073   
2          7.288736                     4.046950   
3          4.046950                     7.288736   
4          8.623351                     4.668540   
5          4.668540                     8.623351   
6          5.636416                     4.466040   
7          4.466040                     5.636416   
8          2.961039                     8.355298   
9          8.355298                     2.961039   
10         6.075396                     4.837044   
11         4.837044                     6.075396   
12         5.415020                     4.441571   
13         4.441571                     5.415020   
14         5.389330                     5.719216   
15         5.719216                     5.389330   

    Blue Total str. differential    Red Td   Blue Td  Red Td differential  \
0                       5.691073  0.113661  0.039403             0.113661   
1                       6.309131  0.039403  0.113661             0.039403   
2                       7.288736  0.060566  0.027839             0.060566   
3                       4.046950  0.027839  0.060566             0.027839   
4                       8.623351  0.131695  0.150171             0.131695   
5                       4.668540  0.150171  0.131695             0.150171   
6                       5.636416  0.301112  0.404634             0.301112   
7                       4.466040  0.404634  0.301112             0.404634   
8                       2.961039  0.097116  0.000000             0.097116   
9                       8.355298  0.000000  0.097116             0.000000   
10                      6.075396  0.014467  0.000000             0.014467   
11                      4.837044  0.000000  0.014467             0.000000   
12                      5.415020  0.049123  0.204762             0.049123   
13                      4.441571  0.204762  0.049123             0.204762   
14                      5.389330  0.416471  0.002424             0.416471   
15                      5.719216  0.002424  0.416471             0.002424   

    Blue Td differential  Red Sub. att  Blue Sub. att  \
0               0.039403      0.000000       0.080978   
1               0.113661      0.080978       0.000000   
2               0.027839      0.010841       0.036630   
3               0.060566      0.036630       0.010841   
4               0.150171      0.154611       0.014802   
5               0.131695      0.014802       0.154611   
6               0.404634      0.042666       0.243817   
7               0.301112      0.243817       0.042666   
8               0.000000      0.004286       0.000000   
9               0.097116      0.000000       0.004286   
10              0.000000      0.007750       0.000000   
11              0.014467      0.000000       0.007750   
12              0.204762      0.000234       0.223810   
13              0.049123      0.223810       0.000234   
14              0.002424      0.188235       0.012121   
15              0.416471      0.012121       0.188235   

    Red Sub. att differential  Blue Sub. att differential  Red Rev.  \
0                    0.000000                    0.080978  0.000205   
1                    0.080978                    0.000000  0.049944   
2                    0.010841                    0.036630  0.000000   
3                    0.036630                    0.010841  0.018315   
4                    0.154611                    0.014802  0.007251   
5                    0.014802                    0.154611  0.012845   
6                    0.042666                    0.243817  0.000132   
7                    0.243817                    0.042666  0.005848   
8                    0.004286                    0.000000  0.000000   
9                    0.000000                    0.004286  0.000000   
10                   0.007750                    0.000000  0.001882   
11                   0.000000                    0.007750  0.000000   
12                   0.000234                    0.223810  0.000000   
13                   0.223810                    0.000234  0.061905   
14                   0.188235                    0.012121  0.000000   
15                   0.012121                    0.188235  0.001212   

    Blue Rev.  Red Rev. differential  Blue Rev. differential  Red Ctrl  \
0    0.049944               0.000205                0.049944  0.285748   
1    0.000205               0.049944                0.000205  0.108708   
2    0.018315               0.000000                0.018315  0.079461   
3    0.000000               0.018315                0.000000  0.042217   
4    0.012845               0.007251                0.012845  0.186702   
5    0.007251               0.012845                0.007251  0.132196   
6    0.005848               0.000132                0.005848  0.383402   
7    0.000132               0.005848                0.000132  0.462364   
8    0.000000               0.000000                0.000000  0.107756   
9    0.000000               0.000000                0.000000  0.000791   
10   0.000000               0.001882                0.000000  0.041821   
11   0.001882               0.000000                0.001882  0.013370   
12   0.061905               0.000000                0.061905  0.155697   
13   0.000000               0.061905                0.000000  0.379006   
14   0.001212               0.000000                0.001212  0.684654   
15   0.000000               0.001212                0.000000  0.135024   

    Blue Ctrl  Red Ctrl differential  Blue Ctrl differential  Red Head  \
0    0.108708               0.285748                0.108708  2.756620   
1    0.285748               0.108708                0.285748  2.543640   
2    0.042217               0.079461                0.042217  1.682260   
3    0.079461               0.042217                0.079461  4.762606   
4    0.132196               0.186702                0.132196  2.396473   
5    0.186702               0.132196                0.186702  4.563299   
6    0.462364               0.383402                0.462364  1.988685   
7    0.383402               0.462364                0.383402  2.435364   
8    0.000791               0.107756                0.000791  3.821136   
9    0.107756               0.000791                0.107756  0.711462   
10   0.013370               0.041821                0.013370  2.306884   
11   0.041821               0.013370                0.041821  3.864494   
12   0.379006               0.155697                0.379006  2.461353   
13   0.155697               0.379006                0.155697  2.435746   
14   0.135024               0.684654                0.135024  0.856471   
15   0.684654               0.135024                0.684654  3.194951   

    Blue Head  Red Head differential  Blue Head differential  Red Body  \
0    2.543640               2.756620                2.543640  0.911209   
1    2.756620               2.543640                2.756620  0.403155   
2    4.762606               1.682260                4.762606  0.821317   
3    1.682260               4.762606                1.682260  1.275870   
4    4.563299               2.396473                4.563299  0.572345   
5    2.396473               4.563299                2.396473  1.865729   
6    2.435364               1.988685                2.435364  0.405791   
7    1.988685               2.435364                1.988685  1.124469   
8    0.711462               3.821136                0.711462  2.744710   
9    3.821136               0.711462                3.821136  0.094862   
10   3.864494               2.306884                3.864494  0.849726   
11   2.306884               3.864494                2.306884  1.099276   
12   2.435746               2.461353                2.435746  0.764779   
13   2.461353               2.435746                2.461353  0.504091   
14   3.194951               0.856471                3.194951  0.563137   
15   0.856471               3.194951                0.856471  0.909857   

    Blue Body  Red Body differential  Blue Body differential   Red Leg  \
0    0.403155               0.911209                0.403155  0.630551   
1    0.911209               0.403155                0.911209  1.785013   
2    1.275870               0.821317                1.275870  0.437729   
3    0.821317               1.275870                0.821317  0.899707   
4    1.865729               0.572345                1.865729  0.713865   
5    0.572345               1.865729                0.572345  1.441718   
6    1.124469               0.405791                1.124469  0.586424   
7    0.405791               1.124469                0.405791  0.833998   
8    0.094862               2.744710                0.094862  0.840882   
9    2.744710               0.094862                2.744710  2.107284   
10   1.099276               0.849726                1.099276  1.114949   
11   0.849726               1.099276                0.849726  0.797053   
12   0.504091               0.764779                0.504091  0.612999   
13   0.764779               0.504091                0.764779  0.722970   
14   0.909857               0.563137                0.909857  0.106667   
15   0.563137               0.909857                0.563137  0.328064   

    Blue Leg  Red Leg differential  Blue Leg differential  Red Distance  \
0   1.785013              0.630551               1.785013      2.894379   
1   0.630551              1.785013               0.630551      3.191780   
2   0.899707              0.437729               0.899707      2.375800   
3   0.437729              0.899707               0.437729      6.082826   
4   1.441718              0.713865               1.441718      2.614420   
5   0.713865              1.441718               0.713865      5.547344   
6   0.833998              0.586424               0.833998      2.193085   
7   0.586424              0.833998               0.586424      2.827554   
8   2.107284              0.840882               2.107284      6.601140   
9   0.840882              2.107284               0.840882      2.818746   
10  0.797053              1.114949               0.797053      3.844374   
11  1.114949              0.797053               1.114949      5.125991   
12  0.722970              0.612999               0.722970      2.763041   
13  0.612999              0.722970               0.612999      2.519950   
14  0.328064              0.106667               0.328064      0.560000   
15  0.106667              0.328064               0.106667      3.406381   

    Blue Distance  Red Distance differential  Blue Distance differential  \
0        3.191780                   2.894379                    3.191780   
1        2.894379                   3.191780                    2.894379   
2        6.082826                   2.375800                    6.082826   
3        2.375800                   6.082826                    2.375800   
4        5.547344                   2.614420                    5.547344   
5        2.614420                   5.547344                    2.614420   
6        2.827554                   2.193085                    2.827554   
7        2.193085                   2.827554                    2.193085   
8        2.818746                   6.601140                    2.818746   
9        6.601140                   2.818746                    6.601140   
10       5.125991                   3.844374                    5.125991   
11       3.844374                   5.125991                    3.844374   
12       2.519950                   2.763041                    2.519950   
13       2.763041                   2.519950                    2.763041   
14       3.406381                   0.560000                    3.406381   
15       0.560000                   3.406381                    0.560000   

    Red Clinch  Blue Clinch  Red Clinch differential  \
0     0.274167     0.469731                 0.274167   
1     0.469731     0.274167                 0.469731   
2     0.023419     0.252747                 0.023419   
3     0.252747     0.023419                 0.252747   
4     0.331429     0.230070                 0.331429   
5     0.230070     0.331429                 0.230070   
6     0.251295     0.764305                 0.251295   
7     0.764305     0.251295                 0.764305   
8     0.407327     0.047431                 0.407327   
9     0.047431     0.407327                 0.047431   
10    0.353489     0.634831                 0.353489   
11    0.634831     0.353489                 0.634831   
12    0.289657     0.433333                 0.289657   
13    0.433333     0.289657                 0.433333   
14    0.241569     0.843511                 0.241569   
15    0.843511     0.241569                 0.843511   

    Blue Clinch differential  Red Ground  Blue Ground  \
0                   0.469731    1.129835     1.070297   
1                   0.274167    1.070297     1.129835   
2                   0.252747    0.542087     0.602611   
3                   0.023419    0.602611     0.542087   
4                   0.230070    0.736834     2.093331   
5                   0.331429    2.093331     0.736834   
6                   0.764305    0.536520     0.801972   
7                   0.251295    0.801972     0.536520   
8                   0.047431    0.398260     0.047431   
9                   0.407327    0.047431     0.398260   
10                  0.634831    0.073697     0.000000   
11                  0.353489    0.000000     0.073697   
12                  0.433333    0.786433     0.709524   
13                  0.289657    0.709524     0.786433   
14                  0.843511    0.724706     0.182980   
15                  0.241569    0.182980     0.724706   

    Red Ground differential  Blue Ground differential  Red Sig. str.%  \
0                  1.129835                  1.070297        0.120084   
1                  1.070297                  1.129835        0.197503   
2                  0.542087                  0.602611        0.099586   
3                  0.602611                  0.542087        0.072521   
4                  0.736834                  2.093331        0.214302   
5                  2.093331                  0.736834        0.127919   
6                  0.536520                  0.801972        0.067950   
7                  0.801972                  0.536520        0.113479   
8                  0.398260                  0.047431        0.169821   
9                  0.047431                  0.398260        0.397214   
10                 0.073697                  0.000000        0.112039   
11                 0.000000                  0.073697        0.075592   
12                 0.786433                  0.709524        0.195277   
13                 0.709524                  0.786433        0.041801   
14                 0.724706                  0.182980        0.133546   
15                 0.182980                  0.724706        0.033301   

    Blue Sig. str.%  Red Sig. str.% differential  \
0          0.197503                     0.120084   
1          0.120084                     0.197503   
2          0.072521                     0.099586   
3          0.099586                     0.072521   
4          0.127919                     0.214302   
5          0.214302                     0.127919   
6          0.113479                     0.067950   
7          0.067950                     0.113479   
8          0.397214                     0.169821   
9          0.169821                     0.397214   
10         0.075592                     0.112039   
11         0.112039                     0.075592   
12         0.041801                     0.195277   
13         0.195277                     0.041801   
14         0.033301                     0.133546   
15         0.133546                     0.033301   

    Blue Sig. str.% differential  Red Sig. str.% defense  \
0                       0.197503                  8969.0   
1                       0.120084                  6798.0   
2                       0.072521                  2386.0   
3                       0.099586                   337.0   
4                       0.127919              15580930.0   
5                       0.214302                 13550.0   
6                       0.113479                  7204.0   
7                       0.067950                  1193.0   
8                       0.397214                   430.0   
9                       0.169821                     0.0   
10                      0.075592               8845555.0   
11                      0.112039                    10.0   
12                      0.041801                  1605.0   
13                      0.195277                     7.0   
14                      0.033301                     0.0   
15                      0.133546                   149.0   

    Blue Sig. str.% defense  Red Total str.% differential  \
0                    6798.0                      0.124948   
1                    8969.0                      0.196906   
2                     337.0                      0.102924   
3                    2386.0                      0.073101   
4                   13550.0                      0.226752   
5                15580930.0                      0.129534   
6                    1193.0                      0.075479   
7                    7204.0                      0.123233   
8                       0.0                      0.174256   
9                     430.0                      0.397741   
10                     10.0                      0.118772   
11                8845555.0                      0.078500   
12                      7.0                      0.198251   
13                   1605.0                      0.045142   
14                    149.0                      0.139531   
15                      0.0                      0.037103   

    Blue Total str.% differential   Red Td%  Blue Td%  Red Td% differential  \
0                        0.196906  0.077260  0.039403              0.077260   
1                        0.124948  0.039403  0.077260              0.039403   
2                        0.073101  0.044846  0.026583              0.044846   
3                        0.102924  0.026583  0.044846              0.026583   
4                        0.129534  0.084761  0.121108              0.084761   
5                        0.226752  0.121108  0.084761              0.121108   
6                        0.123233  0.037989  0.146368              0.037989   
7                        0.075479  0.146368  0.037989              0.146368   
8                        0.397741  0.071515  0.000000              0.071515   
9                        0.174256  0.000000  0.071515              0.000000   
10                       0.078500  0.004076  0.000000              0.004076   
11                       0.118772  0.000000  0.004076              0.000000   
12                       0.045142  0.021380  0.024387              0.021380   
13                       0.198251  0.024387  0.021380              0.024387   
14                       0.037103  0.081961  0.000808              0.081961   
15                       0.139531  0.000808  0.081961              0.000808   

    Blue Td% differential  Red Td% defense  Blue Td% defense  \
0                0.039403          52373.0            7399.0   
1                0.077260           7399.0           52373.0   
2                0.026583          10682.0             688.0   
3                0.044846            688.0           10682.0   
4                0.121108       27394870.0           62280.0   
5                0.084761          62280.0        27394870.0   
6                0.146368          28080.0            2132.0   
7                0.037989           2132.0           28080.0   
8                0.000000           2870.0               0.0   
9                0.071515              0.0            2870.0   
10               0.000000       31937657.0              92.0   
11               0.004076             92.0        31937657.0   
12               0.024387            978.0              45.0   
13               0.021380             45.0             978.0   
14               0.000808              8.0             230.0   
15               0.081961            230.0               8.0   

    Red Head% differential  Blue Head% differential  Red Body%  Blue Body%  \
0                 0.102056                 0.162373   0.171450    0.142492   
1                 0.162373                 0.102056   0.142492    0.171450   
2                 0.072756                 0.066262   0.057052    0.082114   
3                 0.066262                 0.072756   0.082114    0.057052   
4                 0.169384                 0.101509   0.112456    0.230486   
5                 0.101509                 0.169384   0.230486    0.112456   
6                 0.056150                 0.091184   0.078255    0.180914   
7                 0.091184                 0.056150   0.180914    0.078255   
8                 0.107293                 0.019229   0.223454    0.031621   
9                 0.019229                 0.107293   0.031621    0.223454   
10                0.074256                 0.058750   0.055881    0.129580   
11                0.058750                 0.074256   0.129580    0.055881   
12                0.163611                 0.033526   0.263304    0.073545   
13                0.033526                 0.163611   0.073545    0.263304   
14                0.132347                 0.028611   0.199216    0.058228   
15                0.028611                 0.132347   0.058228    0.199216   

    Red Body% differential  Blue Body% differential  Red Body% defense  \
0                 0.171450                 0.142492             5826.0   
1                 0.142492                 0.171450             4869.0   
2                 0.057052                 0.082114             3761.0   
3                 0.082114                 0.057052              142.0   
4                 0.112456                 0.230486          6534302.0   
5                 0.230486                 0.112456             3249.0   
6                 0.078255                 0.180914              698.0   
7                 0.180914                 0.078255             1411.0   
8                 0.223454                 0.031621              106.0   
9                 0.031621                 0.223454                5.0   
10                0.055881                 0.129580          3401661.0   
11                0.129580                 0.055881                0.0   
12                0.263304                 0.073545              511.0   
13                0.073545                 0.263304                1.0   
14                0.199216                 0.058228                0.0   
15                0.058228                 0.199216               50.0   

    Blue Body% defense  Red Leg%  Blue Leg%  Red Leg% differential  \
0               4869.0  0.186416   0.236658               0.186416   
1               5826.0  0.236658   0.186416               0.236658   
2                142.0  0.193987   0.101018               0.193987   
3               3761.0  0.101018   0.193987               0.101018   
4               3249.0  0.197237   0.250253               0.197237   
5            6534302.0  0.250253   0.197237               0.250253   
6               1411.0  0.097762   0.115471               0.097762   
7                698.0  0.115471   0.097762               0.115471   
8                  5.0  0.242947   0.514963               0.242947   
9                106.0  0.514963   0.242947               0.514963   
10                 0.0  0.216294   0.161149               0.216294   
11           3401661.0  0.161149   0.216294               0.161149   
12                 1.0  0.090154   0.078063               0.090154   
13               511.0  0.078063   0.090154               0.078063   
14                50.0  0.011852   0.067547               0.011852   
15                 0.0  0.067547   0.011852               0.067547   

    Blue Leg% differential  Red Leg% defense  Blue Leg% defense  \
0                 0.236658             130.0             2001.0   
1                 0.186416            2001.0              130.0   
2                 0.101018            1438.0               46.0   
3                 0.193987              46.0             1438.0   
4                 0.250253         4380237.0              462.0   
5                 0.197237             462.0          4380237.0   
6                 0.115471            2219.0               25.0   
7                 0.097762              25.0             2219.0   
8                 0.514963               0.0                0.0   
9                 0.242947               0.0                0.0   
10                0.161149          656050.0                0.0   
11                0.216294               0.0           656050.0   
12                0.078063             825.0               17.0   
13                0.090154              17.0              825.0   
14                0.067547               0.0               33.0   
15                0.011852              33.0                0.0   

    Red Distance% differential  Blue Distance% differential  Red Clinch%  \
0                     0.112738                     0.189725     0.124962   
1                     0.189725                     0.112738     0.109252   
2                     0.097935                     0.071453     0.017571   
3                     0.071453                     0.097935     0.037363   
4                     0.195485                     0.109214     0.050998   
5                     0.109214                     0.195485     0.079186   
6                     0.060542                     0.053592     0.043374   
7                     0.053592                     0.060542     0.095687   
8                     0.167172                     0.396087     0.030294   
9                     0.396087                     0.167172     0.047431   
10                    0.109599                     0.067026     0.058527   
11                    0.067026                     0.109599     0.203145   
12                    0.191634                     0.038283     0.046807   
13                    0.038283                     0.191634     0.042121   
14                    0.007089                     0.028510     0.198902   
15                    0.028510                     0.007089     0.054387   

    Blue Clinch%  Red Clinch% differential  Blue Clinch% differential  \
0       0.109252                  0.124962                   0.109252   
1       0.124962                  0.109252                   0.124962   
2       0.037363                  0.017571                   0.037363   
3       0.017571                  0.037363                   0.017571   
4       0.079186                  0.050998                   0.079186   
5       0.050998                  0.079186                   0.050998   
6       0.095687                  0.043374                   0.095687   
7       0.043374                  0.095687                   0.043374   
8       0.047431                  0.030294                   0.047431   
9       0.030294                  0.047431                   0.030294   
10      0.203145                  0.058527                   0.203145   
11      0.058527                  0.203145                   0.058527   
12      0.042121                  0.046807                   0.042121   
13      0.046807                  0.042121                   0.046807   
14      0.054387                  0.198902                   0.054387   
15      0.198902                  0.054387                   0.198902   

    Red Clinch% defense  Blue Clinch% defense  Red Ground%  Blue Ground%  \
0               11923.0               15687.0     0.095523      0.144429   
1               15687.0               11923.0     0.144429      0.095523   
2                4385.0                 308.0     0.041085      0.043998   
3                 308.0                4385.0     0.043998      0.041085   
4            13233196.0               16194.0     0.249802      0.126996   
5               16194.0            13233196.0     0.126996      0.249802   
6                1555.0                2647.0     0.064966      0.168459   
7                2647.0                1555.0     0.168459      0.064966   
8                 312.0                   5.0     0.043257      0.047431   
9                   5.0                 312.0     0.047431      0.043257   
10            6287631.0                  59.0     0.022561      0.000000   
11                 59.0             6287631.0     0.000000      0.022561   
12                812.0                   0.0     0.279723      0.058361   
13                  0.0                 812.0     0.058361      0.279723   
14                  0.0                  26.0     0.154510      0.053813   
15                 26.0                   0.0     0.053813      0.154510   

    Red Ground% differential  Blue Ground% differential  Red Ground% defense  \
0                   0.095523                   0.144429              20670.0   
1                   0.144429                   0.095523              11631.0   
2                   0.041085                   0.043998               1323.0   
3                   0.043998                   0.041085                277.0   
4                   0.249802                   0.126996           16502760.0   
5                   0.126996                   0.249802              48693.0   
6                   0.064966                   0.168459              16086.0   
7                   0.168459                   0.064966               3781.0   
8                   0.043257                   0.047431                650.0   
9                   0.047431                   0.043257                  1.0   
10                  0.022561                   0.000000           22545316.0   
11                  0.000000                   0.022561                107.0   
12                  0.279723                   0.058361                757.0   
13                  0.058361                   0.279723                  4.0   
14                  0.154510                   0.053813                  0.0   
15                  0.053813                   0.154510                 37.0   

    Blue Ground% defense  totalfights oppdiff  elo oppdiff  \
0                11631.0                  0.0    58.133881   
1                20670.0                  0.0   -58.133881   
2                  277.0                  3.0    32.178212   
3                 1323.0                 -3.0   -32.178212   
4                48693.0                 29.0    64.112128   
5             16502760.0                -29.0   -64.112128   
6                 3781.0                  2.0     5.107315   
7                16086.0                 -2.0    -5.107315   
8                    1.0                  5.0     8.586563   
9                  650.0                 -5.0    -8.586563   
10                 107.0                 36.0    26.883006   
11            22545316.0                -36.0   -26.883006   
12                   4.0                  6.0    27.872279   
13                 757.0                 -6.0   -27.872279   
14                  37.0                 -3.0   -13.778435   
15                   0.0                  3.0    13.778435   

    losestreak oppdiff  winstreak oppdiff  titlewins oppdiff  oppelo oppdiff  \
0                  0.0                6.0                0.0     -163.385205   
1                  0.0               -6.0                0.0      163.385205   
2                  1.0               -4.0                0.0     3072.213826   
3                 -1.0                4.0                0.0    -3072.213826   
4                  0.0                0.0                0.0    30365.503837   
5                  0.0                0.0                0.0   -30365.503837   
6                  1.0               -5.0                0.0     2425.453199   
7                 -1.0                5.0                0.0    -2425.453199   
8                  1.0                0.0                0.0     5013.504407   
9                 -1.0                0.0                0.0    -5013.504407   
10                 2.0               -1.0                3.0    37182.036862   
11                -2.0                1.0               -3.0   -37182.036862   
12                 1.0                0.0                0.0     6169.493221   
13                -1.0                0.0                0.0    -6169.493221   
14                 0.0                0.0                0.0    -3028.397155   
15                 0.0                0.0                0.0     3028.397155   

    wins oppdiff  losses oppdiff  KD oppdiff  KD differential oppdiff  \
0            2.0            -3.0   -0.078905                -0.078905   
1           -2.0             3.0    0.078905                 0.078905   
2            3.0             0.0   -0.067768                -0.067768   
3           -3.0             0.0    0.067768                 0.067768   
4           18.0            10.0    0.064505                 0.064505   
5          -18.0           -10.0   -0.064505                -0.064505   
6            1.0             1.0    0.043119                 0.043119   
7           -1.0            -1.0   -0.043119                -0.043119   
8            3.0             2.0   -0.004658                -0.004658   
9           -3.0            -2.0    0.004658                 0.004658   
10          20.0            15.0   -0.148547                -0.148547   
11         -20.0           -15.0    0.148547                 0.148547   
12           4.0             2.0    0.372732                 0.372732   
13          -4.0            -2.0   -0.372732                -0.372732   
14          -2.0            -1.0   -0.022214                -0.022214   
15           2.0             1.0    0.022214                 0.022214   

    Sig. str. oppdiff  Sig. str. differential oppdiff  Total str. oppdiff  \
0           -0.433427                       -0.433427            0.618058   
1            0.433427                        0.433427           -0.618058   
2           -3.996877                       -3.996877           -3.241786   
3            3.996877                        3.996877            3.241786   
4           -4.188064                       -4.188064           -3.954811   
5            4.188064                        4.188064            3.954811   
6           -1.412931                       -1.412931           -1.170376   
7            1.412931                        1.412931            1.170376   
8            4.493119                        4.493119            5.394259   
9           -4.493119                       -4.493119           -5.394259   
10          -1.489263                       -1.489263           -1.238352   
11           1.489263                        1.489263            1.238352   
12           0.176324                        0.176324           -0.973449   
13          -0.176324                       -0.176324            0.973449   
14          -2.906597                       -2.906597            0.329886   
15           2.906597                        2.906597           -0.329886   

    Total str. differential oppdiff  Td oppdiff  Td differential oppdiff  \
0                          0.618058    0.074258                 0.074258   
1                         -0.618058   -0.074258                -0.074258   
2                         -3.241786    0.032727                 0.032727   
3                          3.241786   -0.032727                -0.032727   
4                         -3.954811   -0.018477                -0.018477   
5                          3.954811    0.018477                 0.018477   
6                         -1.170376   -0.103522                -0.103522   
7                          1.170376    0.103522                 0.103522   
8                          5.394259    0.097116                 0.097116   
9                         -5.394259   -0.097116                -0.097116   
10                        -1.238352    0.014467                 0.014467   
11                         1.238352   -0.014467                -0.014467   
12                        -0.973449   -0.155639                -0.155639   
13                         0.973449    0.155639                 0.155639   
14                         0.329886    0.414046                 0.414046   
15                        -0.329886   -0.414046                -0.414046   

    Sub. att oppdiff  Sub. att differential oppdiff  Rev. oppdiff  \
0          -0.080978                      -0.080978     -0.049738   
1           0.080978                       0.080978      0.049738   
2          -0.025789                      -0.025789     -0.018315   
3           0.025789                       0.025789      0.018315   
4           0.139809                       0.139809     -0.005595   
5          -0.139809                      -0.139809      0.005595   
6          -0.201151                      -0.201151     -0.005716   
7           0.201151                       0.201151      0.005716   
8           0.004286                       0.004286      0.000000   
9          -0.004286                      -0.004286      0.000000   
10          0.007750                       0.007750      0.001882   
11         -0.007750                      -0.007750     -0.001882   
12         -0.223576                      -0.223576     -0.061905   
13          0.223576                       0.223576      0.061905   
14          0.176114                       0.176114     -0.001212   
15         -0.176114                      -0.176114      0.001212   

    Rev. differential oppdiff  Ctrl oppdiff  Ctrl differential oppdiff  \
0                   -0.049738      0.177040                   0.177040   
1                    0.049738     -0.177040                  -0.177040   
2                   -0.018315      0.037244                   0.037244   
3                    0.018315     -0.037244                  -0.037244   
4                   -0.005595      0.054506                   0.054506   
5                    0.005595     -0.054506                  -0.054506   
6                   -0.005716     -0.078962                  -0.078962   
7                    0.005716      0.078962                   0.078962   
8                    0.000000      0.106965                   0.106965   
9                    0.000000     -0.106965                  -0.106965   
10                   0.001882      0.028451                   0.028451   
11                  -0.001882     -0.028451                  -0.028451   
12                  -0.061905     -0.223309                  -0.223309   
13                   0.061905      0.223309                   0.223309   
14                  -0.001212      0.549629                   0.549629   
15                   0.001212     -0.549629                  -0.549629   

    Head oppdiff  Head differential oppdiff  Body oppdiff  \
0       0.212980                   0.212980      0.508054   
1      -0.212980                  -0.212980     -0.508054   
2      -3.080346                  -3.080346     -0.454553   
3       3.080346                   3.080346      0.454553   
4      -2.166826                  -2.166826     -1.293384   
5       2.166826                   2.166826      1.293384   
6      -0.446679                  -0.446679     -0.718678   
7       0.446679                   0.446679      0.718678   
8       3.109673                   3.109673      2.649848   
9      -3.109673                  -3.109673     -2.649848   
10     -1.557609                  -1.557609     -0.249550   
11      1.557609                   1.557609      0.249550   
12      0.025608                   0.025608      0.260688   
13     -0.025608                  -0.025608     -0.260688   
14     -2.338480                  -2.338480     -0.346720   
15      2.338480                   2.338480      0.346720   

    Body differential oppdiff  Leg oppdiff  Leg differential oppdiff  \
0                    0.508054    -1.154462                 -1.154462   
1                   -0.508054     1.154462                  1.154462   
2                   -0.454553    -0.461978                 -0.461978   
3                    0.454553     0.461978                  0.461978   
4                   -1.293384    -0.727854                 -0.727854   
5                    1.293384     0.727854                  0.727854   
6                   -0.718678    -0.247574                 -0.247574   
7                    0.718678     0.247574                  0.247574   
8                    2.649848    -1.266402                 -1.266402   
9                   -2.649848     1.266402                  1.266402   
10                  -0.249550     0.317896                  0.317896   
11                   0.249550    -0.317896                 -0.317896   
12                   0.260688    -0.109971                 -0.109971   
13                  -0.260688     0.109971                  0.109971   
14                  -0.346720    -0.221397                 -0.221397   
15                   0.346720     0.221397                  0.221397   

    Distance oppdiff  Distance differential oppdiff  Clinch oppdiff  \
0          -0.297401                      -0.297401       -0.195564   
1           0.297401                       0.297401        0.195564   
2          -3.707025                      -3.707025       -0.229328   
3           3.707025                       3.707025        0.229328   
4          -2.932925                      -2.932925        0.101358   
5           2.932925                       2.932925       -0.101358   
6          -0.634470                      -0.634470       -0.513010   
7           0.634470                       0.634470        0.513010   
8           3.782394                       3.782394        0.359896   
9          -3.782394                      -3.782394       -0.359896   
10         -1.281618                      -1.281618       -0.281342   
11          1.281618                       1.281618        0.281342   
12          0.243091                       0.243091       -0.143676   
13         -0.243091                      -0.243091        0.143676   
14         -2.846381                      -2.846381       -0.601942   
15          2.846381                       2.846381        0.601942   

    Clinch differential oppdiff  Ground oppdiff  Ground differential oppdiff  \
0                     -0.195564        0.059538                     0.059538   
1                      0.195564       -0.059538                    -0.059538   
2                     -0.229328       -0.060523                    -0.060523   
3                      0.229328        0.060523                     0.060523   
4                      0.101358       -1.356497                    -1.356497   
5                     -0.101358        1.356497                     1.356497   
6                     -0.513010       -0.265452                    -0.265452   
7                      0.513010        0.265452                     0.265452   
8                      0.359896        0.350829                     0.350829   
9                     -0.359896       -0.350829                    -0.350829   
10                    -0.281342        0.073697                     0.073697   
11                     0.281342       -0.073697                    -0.073697   
12                    -0.143676        0.076909                     0.076909   
13                     0.143676       -0.076909                    -0.076909   
14                    -0.601942        0.541726                     0.541726   
15                     0.601942       -0.541726                    -0.541726   

    Sig. str.% oppdiff  Sig. str.% differential oppdiff  \
0            -0.077419                        -0.077419   
1             0.077419                         0.077419   
2             0.027064                         0.027064   
3            -0.027064                        -0.027064   
4             0.086383                         0.086383   
5            -0.086383                        -0.086383   
6            -0.045529                        -0.045529   
7             0.045529                         0.045529   
8            -0.227393                        -0.227393   
9             0.227393                         0.227393   
10            0.036447                         0.036447   
11           -0.036447                        -0.036447   
12            0.153476                         0.153476   
13           -0.153476                        -0.153476   
14            0.100245                         0.100245   
15           -0.100245                        -0.100245   

    Sig. str.% defense oppdiff  Total str.% differential oppdiff  Td% oppdiff  \
0                       2171.0                         -0.071959     0.037857   
1                      -2171.0                          0.071959    -0.037857   
2                       2049.0                          0.029823     0.018263   
3                      -2049.0                         -0.029823    -0.018263   
4                   15567380.0                          0.097218    -0.036347   
5                  -15567380.0                         -0.097218     0.036347   
6                       6011.0                         -0.047754    -0.108379   
7                      -6011.0                          0.047754     0.108379   
8                        430.0                         -0.223486     0.071515   
9                       -430.0                          0.223486    -0.071515   
10                   8845545.0                          0.040273     0.004076   
11                  -8845545.0                         -0.040273    -0.004076   
12                      1598.0                          0.153109    -0.003007   
13                     -1598.0                         -0.153109     0.003007   
14                      -149.0                          0.102428     0.081153   
15                       149.0                         -0.102428    -0.081153   

    Td% differential oppdiff  Td% defense oppdiff  Head% differential oppdiff  \
0                   0.037857              44974.0                   -0.060318   
1                  -0.037857             -44974.0                    0.060318   
2                   0.018263               9994.0                    0.006494   
3                  -0.018263              -9994.0                   -0.006494   
4                  -0.036347           27332590.0                    0.067875   
5                   0.036347          -27332590.0                   -0.067875   
6                  -0.108379              25948.0                   -0.035034   
7                   0.108379             -25948.0                    0.035034   
8                   0.071515               2870.0                    0.088064   
9                  -0.071515              -2870.0                   -0.088064   
10                  0.004076           31937565.0                    0.015505   
11                 -0.004076          -31937565.0                   -0.015505   
12                 -0.003007                933.0                    0.130086   
13                  0.003007               -933.0                   -0.130086   
14                  0.081153               -222.0                    0.103736   
15                 -0.081153                222.0                   -0.103736   

    Body% oppdiff  Body% differential oppdiff  Body% defense oppdiff  \
0        0.028958                    0.028958                  957.0   
1       -0.028958                   -0.028958                 -957.0   
2       -0.025062                   -0.025062                 3619.0   
3        0.025062                    0.025062                -3619.0   
4       -0.118030                   -0.118030              6531053.0   
5        0.118030                    0.118030             -6531053.0   
6       -0.102660                   -0.102660                 -713.0   
7        0.102660                    0.102660                  713.0   
8        0.191833                    0.191833                  101.0   
9       -0.191833                   -0.191833                 -101.0   
10      -0.073699                   -0.073699              3401661.0   
11       0.073699                    0.073699             -3401661.0   
12       0.189759                    0.189759                  510.0   
13      -0.189759                   -0.189759                 -510.0   
14       0.140988                    0.140988                  -50.0   
15      -0.140988                   -0.140988                   50.0   

    Leg% oppdiff  Leg% differential oppdiff  Leg% defense oppdiff  \
0      -0.050241                  -0.050241               -1871.0   
1       0.050241                   0.050241                1871.0   
2       0.092969                   0.092969                1392.0   
3      -0.092969                  -0.092969               -1392.0   
4      -0.053016                  -0.053016             4379775.0   
5       0.053016                   0.053016            -4379775.0   
6      -0.017709                  -0.017709                2194.0   
7       0.017709                   0.017709               -2194.0   
8      -0.272016                  -0.272016                   0.0   
9       0.272016                   0.272016                   0.0   
10      0.055145                   0.055145              656050.0   
11     -0.055145                  -0.055145             -656050.0   
12      0.012091                   0.012091                 808.0   
13     -0.012091                  -0.012091                -808.0   
14     -0.055695                  -0.055695                 -33.0   
15      0.055695                   0.055695                  33.0   

    Distance% differential oppdiff  Clinch% oppdiff  \
0                        -0.076987         0.015711   
1                         0.076987        -0.015711   
2                         0.026482        -0.019792   
3                        -0.026482         0.019792   
4                         0.086271        -0.028188   
5                        -0.086271         0.028188   
6                         0.006950        -0.052313   
7                        -0.006950         0.052313   
8                        -0.228915        -0.017136   
9                         0.228915         0.017136   
10                        0.042573        -0.144618   
11                       -0.042573         0.144618   
12                        0.153351         0.004686   
13                       -0.153351        -0.004686   
14                       -0.021422         0.144515   
15                        0.021422        -0.144515   

    Clinch% differential oppdiff  Ground% oppdiff  \
0                       0.015711        -0.048907   
1                      -0.015711         0.048907   
2                      -0.019792        -0.002914   
3                       0.019792         0.002914   
4                      -0.028188         0.122807   
5                       0.028188        -0.122807   
6                      -0.052313        -0.103493   
7                       0.052313         0.103493   
8                      -0.017136        -0.004174   
9                       0.017136         0.004174   
10                     -0.144618         0.022561   
11                      0.144618        -0.022561   
12                      0.004686         0.221362   
13                     -0.004686        -0.221362   
14                      0.144515         0.100697   
15                     -0.144515        -0.100697   

    Ground% differential oppdiff  Ground% defense oppdiff predicted_result  \
0                      -0.048907                   9039.0              win   
1                       0.048907                  -9039.0             loss   
2                      -0.002914                   1046.0             loss   
3                       0.002914                  -1046.0             loss   
4                       0.122807               16454067.0              win   
5                      -0.122807              -16454067.0              win   
6                      -0.103493                  12305.0              win   
7                       0.103493                 -12305.0             loss   
8                      -0.004174                    649.0             loss   
9                       0.004174                   -649.0             loss   
10                      0.022561               22545209.0             loss   
11                     -0.022561              -22545209.0              win   
12                      0.221362                    753.0              win   
13                     -0.221362                   -753.0             loss   
14                      0.100697                    -37.0              win   
15                     -0.100697                     37.0             loss   

    probability_draw  probability_loss  probability_win  
0           0.005506          0.469632         0.524862  
1           0.011009          0.531485         0.457506  
2           0.005721          0.548140         0.446139  
3           0.008364          0.512168         0.479468  
4           0.007227          0.470808         0.521965  
5           0.015615          0.435772         0.548613  
6           0.006125          0.465980         0.527895  
7           0.004394          0.530735         0.464871  
8           0.003276          0.596612         0.400113  
9           0.002856          0.532131         0.465013  
10          0.008894          0.577629         0.413477  
11          0.013769          0.368559         0.617672  
12          0.015832          0.378778         0.605390  
13          0.014739          0.525087         0.460174  
14          0.021762          0.341083         0.637155  
15          0.004902          0.557565         0.437533  
